system:index,B1,B2,B3,B4,B5,B7,MNDWI,NDVI,analyst,date,dfoID,id,lat,lon,random,strata,validation,.geo
0,387.0690947745329,548.0041400917536,608.1222446010969,2188.1522882399017,2463.0749132818623,1404.9380105180715,-0.5998709341560706,0.5674512668404048,HT,06/12/2018,3754,0,8.970879926107962,-67.02887535095215,0.7113138331657433,0,0,"{""geodesic"":false,""type"":""Polygon"",""coordinates"":[[[-67.03004733682003,8.969676580067018],[-67.02778471421333,8.969676580067018],[-67.02778471421333,8.971925864282099],[-67.03004733682003,8.971925864282099],[-67.03004733682003,8.969676580067018]]]}"
1,438.13932269801296,577.9858942065491,559.7645116148896,2393.0446683459277,2096.240414217745,1009.1191715645117,-0.6096084366654232,0.6193334129171498,HT,06/12/2018,3754,1,8.775323154374322,-68.0507755279541,0.5807851999030066,0,0,"{""geodesic"":false,""type"":""Polygon"",""coordinates"":[[[-68.05188037136027,8.774293005771026],[-68.04961895297482,8.774293005771026],[-68.04961895297482,8.776542289986079],[-68.05188037136027,8.776542289986079],[-68.05188037136027,8.774293005771026]]]}"
10,608.1951768679265,851.3904722403267,1088.9495763465065,1950.2961426793854,2697.491971321917,1846.8349232683527,-0.3912717366215504,0.28234208791437704,HT,06/12/2018,3754,10,8.627102763161325,-66.74374580383301,0.8847673683956849,0,0,"{""geodesic"":false,""type"":""Polygon"",""coordinates"":[[[-66.74483118609761,8.626070983891308],[-66.7425706628774,8.626070983891308],[-66.7425706628774,8.62832026810634],[-66.74483118609761,8.62832026810634],[-66.74483118609761,8.626070983891308]]]}"
100,496.31022510919473,684.0241908388402,501.8908052413485,199.1128905812522,73.6079068204726,38.77640273266884,0.5726104026352571,-0.46613319279895293,HT,06/12/2018,3754,100,8.992922259889296,-67.3520278930664,0.2596427976710566,1,1,"{""geodesic"":false,""type"":""Polygon"",""coordinates"":[[[-67.35344090908393,8.992134462170004],[-67.35117814629237,8.992134462170004],[-67.35117814629237,8.994383746385092],[-67.35344090908393,8.994383746385092],[-67.35344090908393,8.992134462170004]]]}"
101,486.6900031535791,675.8114790286972,491.76985178177205,129.55887732576474,33.04351939451276,19.32444023967202,0.6790364670820115,-0.5842404861208289,HT,06/12/2018,3754,101,9.006401333731562,-67.3996639251709,0.9502921986430249,1,1,"{""geodesic"":false,""type"":""Polygon"",""coordinates"":[[[-67.40060250357594,9.005609191431796],[-67.39833965649824,9.005609191431796],[-67.39833965649824,9.007858475646886],[-67.40060250357594,9.007858475646886],[-67.40060250357594,9.005609191431796]]]}"
102,491.3610069930071,688.5932307692309,495.5807552447553,140.0178461538461,34.36441958041959,24.43748251748252,0.662448959841156,-0.5597185322440286,HT,06/12/2018,3754,102,9.051582231656456,-67.33855247497559,0.7236074815827302,1,1,"{""geodesic"":false,""type"":""Polygon"",""coordinates"":[[[-67.33996636262394,9.050524955637773],[-67.33770323364304,9.050524955637773],[-67.33770323364304,9.052774239852868],[-67.33996636262394,9.052774239852868],[-67.33996636262394,9.050524955637773]]]}"
103,483.28306641281216,729.8017695150635,594.1710157912422,180.41880389741294,36.69487064620898,21.90710045917796,0.603929778404716,-0.5345238053529615,HT,06/12/2018,3754,103,9.121080214365112,-67.33177185058594,0.2980675465324383,1,1,"{""geodesic"":false,""type"":""Polygon"",""coordinates"":[[[-67.3332292175605,9.120144390157032],[-67.33096564874123,9.120144390157032],[-67.33096564874123,9.12239367437214],[-67.3332292175605,9.12239367437214],[-67.3332292175605,9.120144390157032]]]}"
104,387.21804595137195,707.0301137631052,407.0083649341957,1065.8785969217042,107.81201204550523,30.150457283069386,-0.1749101894869184,0.4216186124127623,HT,06/12/2018,3754,104,10.16753099512239,-67.78813362121582,0.05934899062442067,1,1,"{""geodesic"":false,""type"":""Polygon"",""coordinates"":[[[-67.78912773722561,10.166681696156243],[-67.78685713120967,10.166681696156243],[-67.78685713120967,10.168930980371512],[-67.78912773722561,10.168930980371512],[-67.78912773722561,10.166681696156243]]]}"
105,,,,,,,,,HT,06/12/2018,3754,105,10.149789117643156,-67.68487930297852,0.08072126616028052,1,99,"{""geodesic"":false,""type"":""Polygon"",""coordinates"":[[[-67.68582141586542,10.148715390473857],[-67.68355093742589,10.148715390473857],[-67.68355093742589,10.150964674689117],[-67.68582141586542,10.150964674689117],[-67.68582141586542,10.148715390473857]]]}"
106,245.33952062430333,253.78628762541803,135.3923076923077,82.68996655518394,14.68924191750279,9.73166109253066,0.5105611905879421,-0.24198105971632786,HT,06/12/2018,3754,106,10.230464458863143,-67.7208423614502,0.11172697826508726,1,1,"{""geodesic"":false,""type"":""Polygon"",""coordinates"":[[[-67.72175431475294,10.229563766044608],[-67.71948326034772,10.229563766044608],[-67.71948326034772,10.231813050259884],[-67.72175431475294,10.231813050259884],[-67.72175431475294,10.229563766044608]]]}"
107,483.21804342959507,705.6030333557201,520.2026527871058,161.78458697112174,34.59351914036267,21.86875979404523,0.6278445796069746,-0.5267137035858241,HT,06/12/2018,3754,107,9.100994988199185,-67.3432731628418,0.0882294607911096,1,1,"{""geodesic"":false,""type"":""Polygon"",""coordinates"":[[[-67.34445809468596,9.099932296264344],[-67.34219465392357,9.099932296264344],[-67.34219465392357,9.102181580479447],[-67.34445809468596,9.102181580479447],[-67.34445809468596,9.099932296264344]]]}"
108,187.0118848342818,163.5527842874678,78.80297957817204,40.93298738980023,7.92093516348622,4.527396495926795,0.6086397584856271,-0.33903793721730235,HT,06/12/2018,3754,108,10.1879751748207,-67.68247604370117,0.14582047539911935,1,1,"{""geodesic"":false,""type"":""Polygon"",""coordinates"":[[[-67.68357576313028,10.186893790048934],[-67.68130501330678,10.186893790048934],[-67.68130501330678,10.189143074264203],[-67.68357576313028,10.189143074264203],[-67.68357576313028,10.186893790048934]]]}"
109,333.75140864714075,422.82248256624814,279.60741980474194,670.7719944211993,66.90688981868901,32.85009762900977,-0.22082383971464709,0.40586149210837374,HT,06/12/2018,3754,109,10.129426989112979,-67.45330810546875,0.5643438809077658,1,1,"{""geodesic"":false,""type"":""Polygon"",""coordinates"":[[[-67.45450515869892,10.128503296581167],[-67.45223482349894,10.128503296581167],[-67.45223482349894,10.130752580796427],[-67.45450515869892,10.130752580796427],[-67.45450515869892,10.128503296581167]]]}"
11,463.56423329038023,631.4710067790911,744.2295926942681,2093.8063196817748,2374.2312734606976,1283.0964759930523,-0.5374635254612005,0.4800647651268171,HT,06/12/2018,3754,11,8.530435399807192,-67.08045959472656,0.9273435785038824,0,0,"{""geodesic"":false,""type"":""Polygon"",""coordinates"":[[[-67.0816991307537,8.529502090848462],[-67.07943918223168,8.529502090848462],[-67.07943918223168,8.531751375063477],[-67.0816991307537,8.531751375063477],[-67.0816991307537,8.529502090848462]]]}"
110,240.14092761064887,271.4239549031645,174.42875481386383,167.9302896690294,56.27990176926938,29.864709493776843,0.23980911633676116,-0.022239072771477627,HT,06/12/2018,3754,110,9.844222567317168,-67.02672958374023,0.21206997262034932,1,1,"{""geodesic"":false,""type"":""Polygon"",""coordinates"":[[[-67.0278044056979,9.843288193873226],[-67.02553605976402,9.843288193873226],[-67.02553605976402,9.845537478088444],[-67.0278044056979,9.845537478088444],[-67.0278044056979,9.843288193873226]]]}"
111,466.58316083916077,664.6528111888111,460.74618181818164,140.0372587412587,32.18064335664336,23.10735664335664,0.6520529705790649,-0.5337344174997342,HT,06/12/2018,3754,111,9.08277323757655,-67.33649253845215,0.44807024650820115,1,1,"{""geodesic"":false,""type"":""Polygon"",""coordinates"":[[[-67.337720673356,9.081965990581956],[-67.33545734617337,9.081965990581956],[-67.33545734617337,9.084215274797055],[-67.337720673356,9.084215274797055],[-67.337720673356,9.081965990581956]]]}"
112,446.2375515571761,640.351664773746,485.66644748640084,133.4314663159782,22.165461175204733,16.883316396676427,0.6553574254154634,-0.5691385016728581,HT,06/12/2018,3754,112,9.098621975537212,-67.37683296203613,0.21086605659481295,1,1,"{""geodesic"":false,""type"":""Polygon"",""coordinates"":[[[-67.37814491074673,9.097686508054046],[-67.37588148419461,9.097686508054046],[-67.37588148419461,9.099935792269148],[-67.37814491074673,9.099935792269148],[-67.37814491074673,9.097686508054046]]]}"
113,231.387419066756,224.74056709086852,119.92369948649252,76.29883902656843,15.398917169010943,14.49882786336236,0.5019151388869866,-0.23693012860836046,HT,06/12/2018,3754,113,10.192199015571584,-67.71140098571777,0.6707539578006962,1,1,"{""geodesic"":false,""type"":""Polygon"",""coordinates"":[[[-67.71277102583768,10.191385366469534],[-67.7105002440161,10.191385366469534],[-67.7105002440161,10.193634650684801],[-67.71277102583768,10.193634650684801],[-67.71277102583768,10.191385366469534]]]}"
114,491.07288698955335,682.2554605887935,483.6750553972774,132.6827318771763,30.64403292181069,20.19673947451724,0.6751844812480595,-0.5709122399307371,HT,06/12/2018,3754,114,9.04692029980881,-67.37460136413574,0.0596310043296997,1,1,"{""geodesic"":false,""type"":""Polygon"",""coordinates"":[[[-67.37589895988334,9.046033379217175],[-67.37363585915851,9.046033379217175],[-67.37363585915851,9.04828266343227],[-67.37589895988334,9.04828266343227],[-67.37589895988334,9.046033379217175]]]}"
115,332.41735882713647,512.3938904063771,294.73287251240316,303.27231172306136,23.728580188416306,13.200735826969172,0.25722586413908144,0.014047813723594095,HT,06/12/2018,3754,115,10.223538163687177,-67.80384063720703,0.20606446436054704,1,1,"{""geodesic"":false,""type"":""Polygon"",""coordinates"":[[[-67.80484845448213,10.222826401413716],[-67.80257744825794,10.222826401413716],[-67.80257744825794,10.225075685628989],[-67.80484845448213,10.225075685628989],[-67.80484845448213,10.222826401413716]]]}"
116,242.12564918746872,203.33880605349867,120.36041771374329,142.2658736806835,45.009437650081,26.097671301725594,0.1794938380363706,0.0815813407051199,HT,06/12/2018,3754,116,9.543282294725762,-67.65312194824219,0.42220544608602295,1,1,"{""geodesic"":false,""type"":""Polygon"",""coordinates"":[[[-67.6543783008469,9.542352573693195],[-67.65211198921567,9.542352573693195],[-67.65211198921567,9.544601857908367],[-67.6543783008469,9.544601857908367],[-67.6543783008469,9.542352573693195]]]}"
117,251.13875199999995,317.906688,166.815744,102.77632,8.773951999999998,5.516800000000001,0.5155025238636454,-0.24443151777615024,HT,06/12/2018,3754,117,10.210023006682793,-67.77860641479492,0.39799237487273,1,1,"{""geodesic"":false,""type"":""Polygon"",""coordinates"":[[[-67.78014473611485,10.209351672151923],[-67.77787382615236,10.209351672151923],[-67.77787382615236,10.211600956367194],[-67.78014473611485,10.211600956367194],[-67.78014473611485,10.209351672151923]]]}"
118,462.68195307688035,649.3606584915173,482.61817570972624,176.06948877316768,54.30371241390898,27.835433114956064,0.5750183321878434,-0.46879237976819393,HT,06/12/2018,3754,118,8.959434339956607,-67.35005378723145,0.25692980292932444,1,1,"{""geodesic"":false,""type"":""Polygon"",""coordinates"":[[[-67.35119501597146,8.958447639015523],[-67.34893246332032,8.958447639015523],[-67.34893246332032,8.960696923230604],[-67.35119501597146,8.960696923230604],[-67.35119501597146,8.958447639015523]]]}"
119,267.80240081066324,310.49754462545786,193.71829448904805,130.17429261828667,37.95510172265959,17.31226128303063,0.409780703436355,-0.1963249415813082,HT,06/12/2018,3754,119,9.815130260552902,-67.00175285339355,0.34449369650062933,1,1,"{""geodesic"":false,""type"":""Polygon"",""coordinates"":[[[-67.00310063541511,9.814092947139343],[-67.00083248974025,9.814092947139343],[-67.00083248974025,9.816342231354556],[-67.00310063541511,9.816342231354556],[-67.00310063541511,9.814092947139343]]]}"
12,346.94678888826786,502.6882231289475,520.5430104521826,2159.9884858308646,2240.3408976580404,1202.6193057962103,-0.626086397676562,0.6199867536149225,HT,06/12/2018,3754,12,9.594910513261276,-67.3117733001709,0.10178426496814386,0,0,"{""geodesic"":false,""type"":""Polygon"",""coordinates"":[[[-67.3130186648393,9.594005702530067],[-67.31075200874058,9.594005702530067],[-67.31075200874058,9.596254986745244],[-67.3130186648393,9.596254986745244],[-67.3130186648393,9.594005702530067]]]}"
120,304.41264335664334,437.41980419580403,328.37269930069937,1166.3267132867127,544.4114685314686,203.02847552447545,-0.07901871483660369,0.1725565925157249,HT,06/12/2018,3754,120,9.143621780011324,-67.39022254943848,0.34294612016330206,2,1,"{""geodesic"":false,""type"":""Polygon"",""coordinates"":[[[-67.39161978223075,9.142602272260017],[-67.38935607077859,9.142602272260017],[-67.38935607077859,9.144851556475128],[-67.39161978223075,9.144851556475128],[-67.39161978223075,9.142602272260017]]]}"
121,254.41202747222087,326.1374169412028,243.9300351778435,619.3619409235581,496.2468591211124,249.13724942766206,-0.10143409971194645,0.2580886590324469,HT,06/12/2018,3754,121,9.848873716107429,-66.95943832397461,0.632823993907304,2,1,"{""geodesic"":false,""type"":""Polygon"",""coordinates"":[[[-66.96043077479642,9.847779770293824],[-66.95816239799801,9.847779770293824],[-66.95816239799801,9.850029054509042],[-66.96043077479642,9.850029054509042],[-66.96043077479642,9.847779770293824]]]}"
122,204.49322629202226,293.36444221441724,128.08145174778397,138.19050008362606,29.322963706305405,18.522160896470997,0.36222453197289667,0.03495229509048412,HT,06/12/2018,3754,122,10.15433028714941,-66.45391702651978,0.10397091029282168,2,99,"{""geodesic"":false,""type"":""Polygon"",""coordinates"":[[[-66.45512949253002,10.153206966894455],[-66.45285898221866,10.153206966894455],[-66.45285898221866,10.155456251109717],[-66.45512949253002,10.155456251109717],[-66.45512949253002,10.153206966894455]]]}"
123,269.00871898055004,265.67454728370234,218.39140397943234,633.20869662419,504.80410239213074,251.96132349653485,-0.23733588011409754,0.34252324623298286,HT,06/12/2018,3754,123,9.552000396390506,-67.52532005310059,0.7841960207606244,2,0,"{""geodesic"":false,""type"":""Polygon"",""coordinates"":[[[-67.52636840269567,9.551335726534392],[-67.52410203129688,9.551335726534392],[-67.52410203129688,9.553585010749563],[-67.52636840269567,9.553585010749563],[-67.52636840269567,9.551335726534392]]]}"
124,356.97243543055595,427.0983808616727,544.4088184212,1169.1936242926772,1624.0699198834664,1008.4747044652358,-0.45423354934853705,0.35507414875020316,HT,06/12/2018,3754,124,8.7528435922327,-67.31198787689209,0.7429435183985102,2,0,"{""geodesic"":false,""type"":""Polygon"",""coordinates"":[[[-67.31301598195525,8.75183512366804],[-67.3107547002193,8.75183512366804],[-67.3107547002193,8.754084407883086],[-67.31301598195525,8.754084407883086],[-67.31301598195525,8.75183512366804]]]}"
125,609.7481224078019,964.7615738145946,1141.8194709113334,1281.8826925232593,809.1210626611369,386.47248066360265,-0.11747907734121363,0.036486263103569096,HT,06/12/2018,3754,125,8.582209392210057,-67.87559509277344,0.21677685720566353,2,1,"{""geodesic"":false,""type"":""Polygon"",""coordinates"":[[[-67.8767083102364,8.581155219685334],[-67.87444805515271,8.581155219685334],[-67.87444805515271,8.58340450390036],[-67.8767083102364,8.58340450390036],[-67.8767083102364,8.581155219685334]]]}"
126,479.6911150864643,587.106539455377,695.488173325383,1703.6400318028236,2240.861657722124,1235.059630292189,-0.4886747322852456,0.42271956748357387,HT,06/12/2018,3754,126,8.429328610589122,-67.05368041992188,0.048046390064594324,2,99,"{""geodesic"":false,""type"":""Polygon"",""coordinates"":[[[-67.05474937558338,8.428441621385021],[-67.05249002130573,8.428441621385021],[-67.05249002130573,8.430690905600022],[-67.05474937558338,8.430690905600022],[-67.05474937558338,8.428441621385021]]]}"
127,417.2940781372442,617.0939773872161,527.4358558155158,691.4746445762902,346.30823911339974,156.42281428411513,0.13034320257085233,-0.06789242493564378,HT,06/12/2018,3754,127,9.121080214365112,-67.35477447509766,0.908088886798801,2,1,"{""geodesic"":false,""type"":""Polygon"",""coordinates"":[[[-67.35568709966353,9.12014439015703],[-67.35342353084424,9.12014439015703],[-67.35342353084424,9.12239367437214],[-67.35568709966353,9.12239367437214],[-67.35568709966353,9.12014439015703]]]}"
128,350.7586149213784,407.3372365339579,290.8617709378834,762.8739266198284,228.6204973792796,92.39589606334336,-0.041272180989182984,0.190430821132271,HT,06/12/2018,3754,128,10.156294587011002,-67.88040161132812,0.15671167311383294,2,1,"{""geodesic"":false,""type"":""Polygon"",""coordinates"":[[[-67.8812050140302,10.15545275510475],[-67.87893448777737,10.15545275510475],[-67.87893448777737,10.157702039320016],[-67.8812050140302,10.157702039320016],[-67.8812050140302,10.15545275510475]]]}"
129,481.5384787597248,660.0347008451337,503.6727486427494,167.6233279229866,44.008731180388445,36.2838193317289,0.5960911173784469,-0.5020199880052851,HT,06/12/2018,3754,129,8.968506056409781,-67.34996795654297,0.8507591891517629,2,1,"{""geodesic"":false,""type"":""Polygon"",""coordinates"":[[[-67.35119504390529,8.967430791856719],[-67.348932435297,8.967430791856719],[-67.348932435297,8.9696800760718],[-67.35119504390529,8.9696800760718],[-67.35119504390529,8.967430791856719]]]}"
13,370.6678601398602,551.9834405594407,586.7827132867134,2437.511552447553,2301.3799160839167,1113.8469930069934,-0.6302413123344299,0.6122310251474556,HT,06/12/2018,3754,13,9.031323579870065,-67.54772186279297,0.018274847006967132,0,0,"{""geodesic"":false,""type"":""Polygon"",""coordinates"":[[[-67.54882460276505,9.030312861745081],[-67.54656160082139,9.030312861745081],[-67.54656160082139,9.032562145960176],[-67.54882460276505,9.032562145960176],[-67.54882460276505,9.030312861745081]]]}"
130,508.35575559965963,596.9070031187975,678.9639920612416,1636.9863198185421,2312.741210660617,1320.2655231074564,-0.4640073621496136,0.41259425206629113,HT,06/12/2018,3754,130,8.449620013257565,-67.38601684570312,0.08170159548982991,2,0,"{""geodesic"":false,""type"":""Polygon"",""coordinates"":[[[-67.3871260897443,8.44865371527771],[-67.38486661720509,8.44865371527771],[-67.38486661720509,8.450902999492714],[-67.3871260897443,8.450902999492714],[-67.3871260897443,8.44865371527771]]]}"
131,425.64335617805585,556.4808703173865,679.7058353849224,1971.2173797325179,2328.176991150443,1203.7383059418453,-0.559290994953825,0.48658599224667914,HT,06/12/2018,3754,131,8.33745215256326,-66.98407173156738,0.01584954488441226,2,0,"{""geodesic"":false,""type"":""Polygon"",""coordinates"":[[[-66.9851296739752,8.336364304762773],[-66.98287085473143,8.336364304762773],[-66.98287085473143,8.33861358897776],[-66.9851296739752,8.33861358897776],[-66.9851296739752,8.336364304762773]]]}"
132,230.22336629625838,203.99816495055546,146.12743398919358,135.03017636864107,29.872566010806377,17.346824344989276,0.20485154734467914,-0.039640019309430306,HT,06/12/2018,3754,132,10.192367968037336,-67.59930610656738,0.7547407978364165,2,1,"{""geodesic"":false,""type"":""Polygon"",""coordinates"":[[[-67.60048161532256,10.191385366469534],[-67.59821083350099,10.191385366469534],[-67.59821083350099,10.193634650684803],[-67.60048161532256,10.193634650684803],[-67.60048161532256,10.191385366469534]]]}"
133,227.80735776415236,231.6395978896336,161.8361614145159,714.1254099529447,423.14116640524765,184.57029801796662,-0.25384558713667166,0.4200377498241968,HT,06/12/2018,3754,133,9.538796194330189,-67.59295463562012,0.4821653791899604,2,1,"{""geodesic"":false,""type"":""Polygon"",""coordinates"":[[[-67.59374200426176,9.537860997272599],[-67.59147572249225,9.537860997272599],[-67.59147572249225,9.540110281487769],[-67.59374200426176,9.540110281487769],[-67.59374200426176,9.537860997272599]]]}"
134,427.6494648318042,651.6360856269113,548.8021406727828,257.7003058103975,76.09097859327214,34.89900611620793,0.43716483656755983,-0.36590401202801665,HT,06/12/2018,3754,134,9.123453077862543,-67.35443115234375,0.05310356573465891,2,1,"{""geodesic"":false,""type"":""Polygon"",""coordinates"":[[[-67.35568710677553,9.122390178367331],[-67.35342352370942,9.122390178367331],[-67.35342352370942,9.124639462582437],[-67.35568710677553,9.124639462582437],[-67.35568710677553,9.122390178367331]]]}"
135,283.9115148127444,295.62671883733924,273.4891559530465,640.0898826159863,540.5099496925657,291.9253214086081,-0.1916821941900344,0.31449028618843794,HT,06/12/2018,3754,135,9.561226105530935,-67.65543937683105,0.7941995946313052,2,1,"{""geodesic"":false,""type"":""Polygon"",""coordinates"":[[[-67.65662414875861,9.560318879375584],[-67.6543577175334,9.560318879375584],[-67.6543577175334,9.56256816359076],[-67.65662414875861,9.56256816359076],[-67.65662414875861,9.560318879375584]]]}"
136,396.290104108362,568.6645583790436,458.7960371655656,158.4732452703458,31.10170155602821,21.70648158513377,0.5652647231397602,-0.4880736035058549,HT,06/12/2018,3754,136,9.123368333009356,-67.38567352294922,0.29426951511514066,2,1,"{""geodesic"":false,""type"":""Polygon"",""coordinates"":[[[-67.38712814171978,9.122390178367331],[-67.38486455865367,9.122390178367331],[-67.38486455865367,9.124639462582438],[-67.38712814171978,9.124639462582438],[-67.38712814171978,9.122390178367331]]]}"
137,395.88943554879677,505.3438590213794,619.8218982019857,1552.5075588156362,2399.709365775113,1441.6340459790677,-0.5085917325346244,0.42941590654864453,HT,06/12/2018,3754,137,9.208780898003951,-66.52127265930176,0.45838700772024743,2,0,"{""geodesic"":false,""type"":""Polygon"",""coordinates"":[[[-66.52249995236339,9.207730130358684],[-66.52023582520691,9.207730130358684],[-66.52023582520691,9.209979414573803],[-66.52249995236339,9.209979414573803],[-66.52249995236339,9.207730130358684]]]}"
138,396.87579760438797,549.0828389118992,425.1991492219857,146.5569237658121,33.62392253442289,26.11608642113511,0.5766951680115157,-0.4854143082166833,HT,06/12/2018,3754,138,9.109893645429226,-67.35898017883301,0.026171278531489373,2,1,"{""geodesic"":false,""type"":""Polygon"",""coordinates"":[[[-67.36017864055141,9.10891544910554],[-67.35791514291141,9.10891544910554],[-67.35791514291141,9.111164733320644],[-67.36017864055141,9.111164733320644],[-67.36017864055141,9.10891544910554]]]}"
139,398.5068845852455,574.914754281876,473.88620844061313,230.45511026530832,79.40652636292396,46.21493339303702,0.43579953226616136,-0.35378352327123214,HT,06/12/2018,3754,139,9.069636051832157,-67.3051643371582,0.0028142611245477456,2,1,"{""geodesic"":false,""type"":""Polygon"",""coordinates"":[[[-67.30627959596413,9.06849126132016],[-67.30401635381278,9.06849126132016],[-67.30401635381278,9.07074054553526],[-67.30627959596413,9.07074054553526],[-67.30627959596413,9.06849126132016]]]}"
14,296.53790714565054,421.0835242192299,387.41063746578016,2239.7555729370347,2137.865076261243,1043.952623051567,-0.6835341319926427,0.7055925683226675,HT,06/12/2018,3754,14,9.67580710100833,-67.32542037963867,0.811448340605527,0,0,"{""geodesic"":false,""type"":""Polygon"",""coordinates"":[[[-67.32649366520545,9.67485407810082],[-67.32422646602997,9.67485407810082],[-67.32422646602997,9.677103362316013],[-67.32649366520545,9.677103362316013],[-67.32649366520545,9.67485407810082]]]}"
140,238.53695101351357,199.18538851351354,125.11739864864867,146.09396114864862,73.54645270270271,27.849873310810807,0.16230112897981167,0.06707994570022034,HT,06/12/2018,3754,140,9.572228917684331,-67.62617111206055,0.9291071030634624,2,99,"{""geodesic"":false,""type"":""Polygon"",""coordinates"":[[[-67.62742893939776,9.57154782042708],[-67.62516243330671,9.57154782042708],[-67.62516243330671,9.573797104642251],[-67.62742893939776,9.573797104642251],[-67.62742893939776,9.57154782042708]]]}"
141,433.2787132867133,600.0965034965036,459.44285314685294,547.6671888111889,320.2270209790208,143.2358041958042,0.2477762192541733,-0.14313313938611139,HT,06/12/2018,3754,141,8.995295969697914,-67.34335899353027,0.29379742340557646,2,1,"{""geodesic"":false,""type"":""Polygon"",""coordinates"":[[[-67.34445776325076,8.994380250380303],[-67.34219498642065,8.994380250380303],[-67.34219498642065,8.996629534595389],[-67.34445776325076,8.996629534595389],[-67.34445776325076,8.994380250380303]]]}"
142,208.52678870409645,225.31203259292337,134.73869851545936,216.40623953566254,74.0052461212189,38.16592253599733,0.1046537047227696,0.1501487892363504,HT,06/12/2018,3754,142,10.111345011062829,-67.63286590576172,0.6541675660607585,2,1,"{""geodesic"":false,""type"":""Polygon"",""coordinates"":[[[-67.63416815208879,10.110536990898776],[-67.63189794396052,10.110536990898776],[-67.63189794396052,10.112786275114031],[-67.63416815208879,10.112786275114031],[-67.63416815208879,10.110536990898776]]]}"
143,552.0667708944042,712.6555273272097,879.9737476385902,1586.1522376392418,2240.6087551299593,1682.6604781447465,-0.3787705516062195,0.2867881309464513,HT,06/12/2018,3754,143,8.555389645336135,-66.76631927490234,0.3628580154137234,2,0,"{""geodesic"":false,""type"":""Polygon"",""coordinates"":[[[-66.76728885438267,8.554205761161754],[-66.76502875948374,8.554205761161754],[-66.76502875948374,8.556455045376772],[-66.76728885438267,8.556455045376772],[-66.76728885438267,8.554205761161754]]]}"
144,431.64316095813757,621.4270203716142,449.726326393553,195.53285202596834,62.180490261920745,35.68071412581152,0.5249694677938318,-0.4005861668559121,HT,06/12/2018,3754,144,9.067262831497025,-67.30988502502441,0.9756573568434768,2,1,"{""geodesic"":false,""type"":""Polygon"",""coordinates"":[[[-67.31077116531648,9.066245473109863],[-67.30850793732426,9.066245473109863],[-67.30850793732426,9.06849475732496],[-67.31077116531648,9.06849475732496],[-67.31077116531648,9.066245473109863]]]}"
145,241.94410876132946,336.09387937786744,340.8802170750813,1035.1506098243265,739.4382902540004,416.8077095222112,-0.4046023337361732,0.4217851287229009,HT,06/12/2018,3754,145,9.471497620455672,-66.32832527160645,0.0675132479163848,2,1,"{""geodesic"":false,""type"":""Polygon"",""coordinates"":[[[-66.32936301913776,9.470487350963635],[-66.32709718352874,9.470487350963635],[-66.32709718352874,9.472736635178794],[-66.32936301913776,9.472736635178794],[-66.32936301913776,9.470487350963635]]]}"
146,234.05491926923287,314.1619643555505,326.46594781831396,1339.1579976535,1233.3413598525058,613.9338510531314,-0.6073598768113052,0.6051861758454438,HT,06/12/2018,3754,146,9.597026256403211,-66.2834358215332,0.725391868476639,2,0,"{""geodesic"":false,""type"":""Polygon"",""coordinates"":[[[-66.28444767201921,9.596251490740366],[-66.28218100089947,9.596251490740366],[-66.28218100089947,9.598500774955545],[-66.28444767201921,9.598500774955545],[-66.28444767201921,9.596251490740366]]]}"
147,427.1080748124091,598.7039982080862,445.98051293537907,300.67661552245517,111.79717773546871,55.39321312576998,0.39409833773013236,-0.27368099971259974,HT,06/12/2018,3754,147,9.020049443563988,-67.3253345489502,0.1390079134270109,2,1,"{""geodesic"":false,""type"":""Polygon"",""coordinates"":[[[-67.32649153477723,9.019083920693589],[-67.32422860328198,9.019083920693589],[-67.32422860328198,9.021333204908679],[-67.32649153477723,9.021333204908679],[-67.32649153477723,9.019083920693589]]]}"
148,375.8472541650307,508.59645481572915,395.90811690132955,692.1763056038594,276.24844337241274,117.8926908621754,0.15709152139630095,-0.05715647030301876,HT,06/12/2018,3754,148,9.080823879132824,-67.41511344909668,0.34506168144466043,2,1,"{""geodesic"":false,""type"":""Polygon"",""coordinates"":[[[-67.41632325363744,9.079720202371657],[-67.41405994063582,9.079720202371657],[-67.41405994063582,9.081969486586756],[-67.41632325363744,9.081969486586756],[-67.41632325363744,9.079720202371657]]]}"
149,360.17867036011046,505.7405355493993,420.99362880886383,159.40646352723908,38.796860572483816,17.432502308402576,0.5223179881940188,-0.452117368674262,HT,06/12/2018,3754,149,9.127690294852856,-67.38584518432617,0.7485027630838549,2,99,"{""geodesic"":false,""type"":""Polygon"",""coordinates"":[[[-67.38712815594931,9.126881754787929],[-67.38486454437856,9.126881754787929],[-67.38486454437856,9.129131039003035],[-67.38712815594931,9.129131039003035],[-67.38712815594931,9.126881754787929]]]}"
15,458.129849467629,644.1834536776399,816.2059723412058,1899.1965487700384,2248.0430791824724,1426.704564924732,-0.489746155865009,0.3978259025061204,HT,06/12/2018,3754,15,8.71042562837311,-67.11204528808594,0.5787377659212948,0,99,"{""geodesic"":false,""type"":""Polygon"",""coordinates"":[[[-67.11314070212937,8.709165147672364],[-67.1108796790251,8.709165147672364],[-67.1108796790251,8.711414431887407],[-67.11314070212937,8.711414431887407],[-67.11314070212937,8.709165147672364]]]}"
150,407.7275123373711,547.5895020188425,677.1668349035441,1860.641431135039,2402.133636159714,1234.7625616868552,-0.5450340105904046,0.46607443008698773,HT,06/12/2018,3754,150,8.582209392210057,-67.44669914245605,0.08725587229933363,2,0,"{""geodesic"":false,""type"":""Polygon"",""coordinates"":[[[-67.44776276206859,8.581155219685334],[-67.44550250698491,8.581155219685334],[-67.44550250698491,8.58340450390036],[-67.44776276206859,8.58340450390036],[-67.44776276206859,8.581155219685334]]]}"
151,350.67496921526885,480.35480801522436,471.92382178439465,1667.9468263741173,1317.997537221537,643.1783835217731,-0.5010693711740443,0.5160315103188989,HT,06/12/2018,3754,151,9.00869018316491,-67.3322868347168,0.00371035004836906,2,0,"{""geodesic"":false,""type"":""Polygon"",""coordinates"":[[[-67.33322886428586,9.007854979642095],[-67.3309660031477,9.007854979642095],[-67.3309660031477,9.010104263857183],[-67.33322886428586,9.010104263857183],[-67.33322886428586,9.007854979642095]]]}"
152,355.9112840031343,497.29782827717435,448.8785402440387,269.2041867233851,101.3282771745214,50.59929474980407,0.3119631797722689,-0.265141926981217,HT,06/12/2018,3754,152,9.08277323757655,-67.30713844299316,0.016937323306098984,2,1,"{""geodesic"":false,""type"":""Polygon"",""coordinates"":[[[-67.30852542662207,9.081965990581955],[-67.30626209943945,9.081965990581955],[-67.30626209943945,9.084215274797055],[-67.30852542662207,9.084215274797055],[-67.30852542662207,9.081965990581955]]]}"
153,306.5175418994415,306.5618994413409,289.9817877094972,598.4775418994417,569.386927374302,333.6916759776538,-0.13982883527526302,0.2256067797620138,HT,06/12/2018,3754,153,9.563342058598629,-67.60170936584473,0.5067131715087199,2,1,"{""geodesic"":false,""type"":""Polygon"",""coordinates"":[[[-67.60272523918229,9.562564667585885],[-67.60045879299128,9.562564667585885],[-67.60045879299128,9.564813951801058],[-67.60272523918229,9.564813951801058],[-67.60272523918229,9.562564667585885]]]}"
154,525.7368833641301,806.5588218825241,926.6393415084831,963.4898930511226,272.7495380480429,127.04731507923172,-0.08150358367150773,0.013871141438516364,HT,06/12/2018,3754,154,8.826893754078565,-67.53218650817871,0.6600172134430164,2,1,"{""geodesic"":false,""type"":""Polygon"",""coordinates"":[[[-67.53310345236557,8.825946134607898],[-67.5308417183047,8.825946134607898],[-67.5308417183047,8.828195418822961],[-67.53310345236557,8.828195418822961],[-67.53310345236557,8.825946134607898]]]}"
155,316.37309785626996,446.9629012551367,431.6243474397418,1794.9132511385073,1793.1332889036971,872.2313673220028,-0.6006738509647473,0.611823423501684,HT,06/12/2018,3754,155,8.797886175944901,-68.10467720031738,0.5329957293863928,2,0,"{""geodesic"":false,""type"":""Polygon"",""coordinates"":[[[-68.10577935680469,8.796750887874014],[-68.10351780140574,8.796750887874014],[-68.10351780140574,8.79900017208907],[-68.10577935680469,8.79900017208907],[-68.10577935680469,8.796750887874014]]]}"
156,259.1089302689704,384.62674047978527,299.68361013252814,2520.6659956383155,1722.8015992842363,741.8470614550132,-0.7349808079499233,0.7878966981984091,HT,06/12/2018,3754,156,9.66683835250968,-67.46240615844727,0.4488375545752533,2,0,"{""geodesic"":false,""type"":""Polygon"",""coordinates"":[[[-67.46348671579351,9.665870925259625],[-67.46121957719566,9.665870925259625],[-67.46121957719566,9.668120209474814],[-67.46348671579351,9.668120209474814],[-67.46348671579351,9.665870925259625]]]}"
157,401.99417366946767,547.9481232492999,428.0481792717088,375.6033613445379,205.5304201680673,104.36638655462183,0.2795653982235204,-0.1879193630446406,HT,06/12/2018,3754,157,9.040223964753581,-67.33417510986328,0.33496246765668836,2,1,"{""geodesic"":false,""type"":""Polygon"",""coordinates"":[[[-67.33547475095341,9.039296014586279],[-67.33321169258528,9.039296014586279],[-67.33321169258528,9.04154529880137],[-67.33547475095341,9.04154529880137],[-67.33547475095341,9.039296014586279]]]}"
158,372.29076573886033,523.1838490025086,579.3654282642457,2286.3707442360537,2259.0544737785212,1030.1225660016726,-0.6256028268455104,0.5965079710630754,HT,06/12/2018,3754,158,8.317154894666734,-66.94364547729492,0.6471469015432724,2,0,"{""geodesic"":false,""type"":""Polygon"",""coordinates"":[[[-66.94470542796715,8.316152210870083],[-66.94244672535525,8.316152210870083],[-66.94244672535525,8.318401495085066],[-66.94470542796715,8.318401495085066],[-66.94470542796715,8.316152210870083]]]}"
159,288.3298122065729,295.1943326626427,264.9572993516657,639.8976078694391,476.0771853342277,252.7031075340936,-0.17425505566266866,0.2793045048577846,HT,06/12/2018,3754,159,9.545736928439242,-67.64659881591797,0.3110382663792559,2,1,"{""geodesic"":false,""type"":""Polygon"",""coordinates"":[[[-67.64764094367224,9.544598361903494],[-67.64537461710465,9.544598361903494],[-67.64537461710465,9.546847646118666],[-67.64764094367224,9.546847646118666],[-67.64764094367224,9.544598361903494]]]}"
16,505.34610000559985,730.9520689848259,776.004591522482,2957.17341396495,2602.812811467609,1297.690744162608,-0.6041835735672729,0.5851995475074743,HT,06/12/2018,3754,16,8.946038307247077,-67.87559509277344,0.5448551461587475,0,0,"{""geodesic"":false,""type"":""Polygon"",""coordinates"":[[[-67.8767094153362,8.944972909753728],[-67.87444694651131,8.944972909753728],[-67.87444694651131,8.947222193968809],[-67.8767094153362,8.947222193968809],[-67.8767094153362,8.944972909753728]]]}"
160,337.2791940018742,452.7729147141517,356.72549203373916,673.2098406747887,266.4208059981254,106.69212746016859,0.13722373671390692,-0.040665448581695386,HT,06/12/2018,3754,160,9.121249705138204,-67.39932060241699,0.5425486086624537,2,99,"{""geodesic"":false,""type"":""Polygon"",""coordinates"":[[[-67.40060286386958,9.120144390157032],[-67.39833929505029,9.120144390157032],[-67.39833929505029,9.12239367437214],[-67.40060286386958,9.12239367437214],[-67.40060286386958,9.120144390157032]]]}"
161,436.9406390134529,553.475224215247,714.0354820627804,1487.9325672645746,2199.390302690583,1448.7127242152467,-0.4583491362463451,0.35211831399860843,HT,06/12/2018,3754,161,8.662996648855811,-67.37932205200195,0.45087926150062285,2,0,"{""geodesic"":false,""type"":""Polygon"",""coordinates"":[[[-67.38038935721852,8.66200359525609],[-67.37812861844287,8.66200359525609],[-67.37812861844287,8.664252879471128],[-67.38038935721852,8.664252879471128],[-67.38038935721852,8.66200359525609]]]}"
162,389.2743382682819,474.26474876626287,547.0813705697623,1476.906179901301,1755.1468707940783,972.5161507402424,-0.47403905762844845,0.41070569730398543,HT,06/12/2018,3754,162,8.52814360157491,-67.35906600952148,0.750580240662349,2,0,"{""geodesic"":false,""type"":""Polygon"",""coordinates"":[[[-67.36017686219925,8.527256302638166],[-67.35791692696245,8.527256302638166],[-67.35791692696245,8.529505586853181],[-67.36017686219925,8.529505586853181],[-67.36017686219925,8.527256302638166]]]}"
163,232.44866133810297,224.71181040746742,182.71639371751155,485.9114638645128,358.32966295902963,178.10345984014307,-0.1346704692148463,0.26828951053158356,HT,06/12/2018,3754,163,9.581623344536595,-67.60823249816895,0.49053831316687047,2,1,"{""geodesic"":false,""type"":""Polygon"",""coordinates"":[[[-67.60946266364685,9.580530973268274],[-67.60719609759691,9.580530973268274],[-67.60719609759691,9.582780257483453],[-67.60946266364685,9.582780257483453],[-67.60946266364685,9.580530973268274]]]}"
164,464.75047576402096,630.8458524571813,852.2840591066832,2034.068454046794,2792.831803425502,1600.3525131534764,-0.5274369615955765,0.41209126675179913,HT,06/12/2018,3754,164,8.896349987269565,-67.40206718444824,0.7621021547007786,2,0,"{""geodesic"":false,""type"":""Polygon"",""coordinates"":[[[-67.40284795008752,8.895565569127157],[-67.40058578750214,8.895565569127157],[-67.40058578750214,8.89781485334223],[-67.40284795008752,8.89781485334223],[-67.40284795008752,8.895565569127157]]]}"
165,228.32975347815452,213.9181514929622,139.37881376617034,152.80131803758846,39.1943698641282,13.365714750630532,0.1719574407047906,0.04243259840773738,HT,06/12/2018,3754,165,10.191861110371349,-67.59690284729004,0.3718411457199393,2,1,"{""geodesic"":false,""type"":""Polygon"",""coordinates"":[[[-67.59823582711225,10.191385366469532],[-67.59596504529067,10.191385366469532],[-67.59596504529067,10.193634650684801],[-67.59823582711225,10.193634650684801],[-67.59823582711225,10.191385366469532]]]}"
166,257.9745454545455,283.7972587412588,231.62187412587411,353.8011188811189,223.88565034965046,118.94355244755253,-0.07379985858929071,0.17408089729455165,HT,06/12/2018,3754,166,9.031323579870065,-67.33211517333984,0.3790172565903034,2,1,"{""geodesic"":false,""type"":""Polygon"",""coordinates"":[[[-67.33322893457601,9.030312861745081],[-67.33096593263234,9.030312861745081],[-67.33096593263234,9.032562145960176],[-67.33322893457601,9.032562145960176],[-67.33322893457601,9.030312861745081]]]}"
167,295.0924581005586,317.15351955307267,289.7164245810056,959.6478212290499,884.6837430167596,463.30430167597757,-0.3547959317433488,0.44079309014088564,HT,06/12/2018,3754,167,9.55437032719495,-67.5318431854248,0.8242454663988013,2,0,"{""geodesic"":false,""type"":""Polygon"",""coordinates"":[[[-67.53310577479017,9.553581514744693],[-67.53083938844028,9.553581514744693],[-67.53083938844028,9.555830798959862],[-67.53310577479017,9.555830798959862],[-67.53310577479017,9.553581514744693]]]}"
168,481.4462823819674,629.742738589212,698.2512055624087,2059.9767298418765,2609.3930694179667,1370.3231467982507,-0.5322361865969224,0.494748588018898,HT,06/12/2018,3754,168,8.48790757464453,-67.14800834655762,0.555740630978263,2,0,"{""geodesic"":false,""type"":""Polygon"",""coordinates"":[[[-67.14907265136485,8.486832114852788],[-67.14681295464163,8.486832114852788],[-67.14681295464163,8.489081399067798],[-67.14907265136485,8.489081399067798],[-67.14907265136485,8.486832114852788]]]}"
169,657.1515892420538,1200.3251833740833,1838.8361858190708,1420.278728606357,88.94376528117358,44.46943765281173,-0.08397596289329626,-0.1283754584201656,HT,06/12/2018,3754,169,9.278417542836088,-66.55508995056152,0.9369666341821151,2,99,"{""geodesic"":false,""type"":""Polygon"",""coordinates"":[[[-66.55618699904929,9.277349564877944],[-66.55392242411405,9.277349564877944],[-66.55392242411405,9.279598849093075],[-66.55618699904929,9.279598849093075],[-66.55618699904929,9.277349564877944]]]}"
17,315.73164457865016,430.48638371637844,464.51646815411283,1728.0538500251635,2116.027791757535,1129.935804954426,-0.6006370693699096,0.5762496631817721,HT,06/12/2018,3754,17,9.197512362435539,-66.58195495605469,0.06938257842666284,0,0,"{""geodesic"":false,""type"":""Polygon"",""coordinates"":[[[-66.58313619815267,9.196501189307192],[-66.58087214288895,9.196501189307192],[-66.58087214288895,9.19875047352231],[-66.58313619815267,9.19875047352231],[-66.58313619815267,9.196501189307192]]]}"
170,415.8952668680764,553.3912386706943,770.3269553541455,1562.2048785946063,3025.2647420834714,1878.4903770840315,-0.477059084146005,0.3399158293835909,HT,06/12/2018,3754,170,9.204290471979014,-66.51251792907715,0.5550940937455281,2,0,"{""geodesic"":false,""type"":""Polygon"",""coordinates"":[[[-66.51351678516114,9.203238553938087],[-66.51125268677275,9.203238553938087],[-66.51125268677275,9.205487838153203],[-66.51351678516114,9.205487838153203],[-66.51351678516114,9.203238553938087]]]}"
171,494.20505932393144,758.7531900604437,635.2958361316325,177.0557421087978,31.941179762704277,24.280725319006052,0.6219158205093109,-0.5643824151321591,HT,06/12/2018,3754,171,9.121164959761726,-67.34344482421875,0.2634733452173824,2,1,"{""geodesic"":false,""type"":""Polygon"",""coordinates"":[[[-67.34445815861201,9.120144390157032],[-67.34219458979273,9.120144390157032],[-67.34219458979273,9.12239367437214],[-67.34445815861201,9.12239367437214],[-67.34445815861201,9.120144390157032]]]}"
172,344.0324146395895,473.36331176076754,297.7218812765008,763.0305735326938,314.0227627761661,142.91821022093285,0.013569502436152424,0.20894098056633503,HT,06/12/2018,3754,172,10.253100564197085,-67.74993896484375,0.23669498865677985,2,1,"{""geodesic"":false,""type"":""Polygon"",""coordinates"":[[[-67.75094964178086,10.252021648147597],[-67.74867842653063,10.252021648147597],[-67.74867842653063,10.254270932362875],[-67.75094964178086,10.254270932362875],[-67.75094964178086,10.252021648147597]]]}"
173,394.25163351241497,571.3346159430813,452.57129374183285,161.37454624655146,37.98831131116598,25.70182953390448,0.5607024962835633,-0.4753225678227113,HT,06/12/2018,3754,173,9.112012340685494,-67.39262580871582,0.9437328684313584,2,1,"{""geodesic"":false,""type"":""Polygon"",""coordinates"":[[[-67.39386547080885,9.111161237315837],[-67.3916019589403,9.111161237315837],[-67.3916019589403,9.113410521530943],[-67.39386547080885,9.113410521530943],[-67.39386547080885,9.111161237315837]]]}"
174,262.8101799319177,238.83611606419194,170.28213648889613,298.31099043605127,169.9131950072946,90.18220132922679,-0.013908296248595681,0.18346523303616563,HT,06/12/2018,3754,174,9.570113019930073,-67.6644515991211,0.7338741147179557,2,1,"{""geodesic"":false,""type"":""Polygon"",""coordinates"":[[[-67.66560733149461,9.56930203221678],[-67.66334084038408,9.56930203221678],[-67.66334084038408,9.571551316431954],[-67.66560733149461,9.571551316431954],[-67.66560733149461,9.56930203221678]]]}"
175,303.4802220680083,303.28140180430245,318.26439972241485,705.4937543372655,660.714781401804,338.12421929215805,-0.30354814415683573,0.3238556356831818,HT,06/12/2018,3754,175,9.567912472290326,-67.53664970397949,0.5156906601759851,2,99,"{""geodesic"":false,""type"":""Polygon"",""coordinates"":[[[-67.5375973960309,9.567056244006482],[-67.53533091989723,9.567056244006482],[-67.53533091989723,9.569305528221657],[-67.5375973960309,9.569305528221657],[-67.5375973960309,9.567056244006482]]]}"
176,201.91247350217566,178.46095057458442,124.44003123954043,101.81501729331703,25.021254044404785,17.382517014392516,0.2818305215212647,-0.10696628596106779,HT,06/12/2018,3754,176,10.18518740926906,-67.59913444519043,0.07724376624626783,2,1,"{""geodesic"":false,""type"":""Polygon"",""coordinates"":[[[-67.60048159136512,10.184648001838635],[-67.5982108575351,10.184648001838635],[-67.5982108575351,10.186897286053906],[-67.60048159136512,10.186897286053906],[-67.60048159136512,10.184648001838635]]]}"
177,251.13033075299074,216.31287825475016,151.00703729767764,165.0768472906404,67.56199859254045,42.469247009148475,0.14557376940122058,0.03952058019074567,HT,06/12/2018,3754,177,9.569859111314189,-67.54746437072754,0.48712384343419746,2,99,"{""geodesic"":false,""type"":""Polygon"",""coordinates"":[[[-67.54882634455886,9.56930203221678],[-67.54655985344834,9.56930203221678],[-67.54655985344834,9.571551316431954],[-67.54882634455886,9.571551316431954],[-67.54882634455886,9.56930203221678]]]}"
178,417.95585689555674,584.3368436237737,660.1969128678588,2173.055755914598,2404.9536208886316,1199.146206001154,-0.5727105019643997,0.5325124896595929,HT,06/12/2018,3754,178,8.588998901248344,-66.57294273376465,0.47158498442170427,2,0,"{""geodesic"":false,""type"":""Polygon"",""coordinates"":[[[-66.5741511682927,8.58789258431623],[-66.57189087308114,8.58789258431623],[-66.57189087308114,8.590141868531255],[-66.5741511682927,8.590141868531255],[-66.5741511682927,8.58789258431623]]]}"
179,339.8060561961265,446.2482368745101,367.25948729430166,228.408205530057,67.84630023508335,34.12772864659127,0.3777545816796703,-0.29452816502694423,HT,06/12/2018,3754,179,9.123622567508523,-67.39262580871582,0.894731409329908,2,1,"{""geodesic"":false,""type"":""Polygon"",""coordinates"":[[[-67.39386550635069,9.122390178367331],[-67.39160192328458,9.122390178367331],[-67.39160192328458,9.124639462582437],[-67.39386550635069,9.124639462582437],[-67.39386550635069,9.122390178367331]]]}"
18,322.0059164992185,539.3631949095778,394.17381111855326,3704.5436481357433,2189.568039741013,983.0606162089751,-0.7459047386797276,0.8073187035998296,HT,06/12/2018,3754,18,10.185525321543066,-66.75498962402344,0.549289599556301,0,0,"{""geodesic"":false,""type"":""Polygon"",""coordinates"":[[[-66.75606522429132,10.184648001838633],[-66.7537944904613,10.184648001838633],[-66.7537944904613,10.186897286053904],[-66.75606522429132,10.186897286053904],[-66.75606522429132,10.184648001838633]]]}"
180,254.798659217877,228.3238547486033,159.7194972067039,318.7406145251396,214.32960893854738,106.84648044692739,0.058675927081145336,0.16154538040536193,HT,06/12/2018,3754,180,9.567912472290326,-67.6263427734375,0.20320776118313022,2,1,"{""geodesic"":false,""type"":""Polygon"",""coordinates"":[[[-67.62742892444301,9.567056244006482],[-67.62516244830934,9.567056244006482],[-67.62516244830934,9.569305528221657],[-67.62742892444301,9.569305528221657],[-67.62742892444301,9.567056244006482]]]}"
181,298.4471123467712,410.86553772273476,320.6580942752432,864.20889675218,344.16409705547835,141.16883609250596,-0.1125855551804488,0.2065397812035252,HT,06/12/2018,3754,181,9.159044134320576,-67.36576080322266,0.47577886879042697,2,99,"{""geodesic"":false,""type"":""Polygon"",""coordinates"":[[[-67.36691616186774,9.158322789732111],[-67.36465235035493,9.158322789732111],[-67.36465235035493,9.160572073947225],[-67.36691616186774,9.160572073947225],[-67.36691616186774,9.158322789732111]]]}"
182,477.05370030581054,570.9031192660551,697.8561467889909,1324.451498470948,1602.5373700305813,1054.4414678899084,-0.39101226149462265,0.31480463107975837,HT,06/12/2018,3754,182,8.705504832674572,-67.14131355285645,0.26888366803644626,2,99,"{""geodesic"":false,""type"":""Polygon"",""coordinates"":[[[-67.14233593531102,8.704673571251766],[-67.14007493935476,8.704673571251766],[-67.14007493935476,8.706922855466809],[-67.14233593531102,8.706922855466809],[-67.14233593531102,8.704673571251766]]]}"
183,338.8893071686024,480.63852623147807,404.44685622747306,886.089627553064,431.24060873047665,181.86095314377263,-0.13370304329661142,0.20419908085367336,HT,06/12/2018,3754,183,9.132266432652706,-67.35443115234375,0.2710834813777475,2,99,"{""geodesic"":false,""type"":""Polygon"",""coordinates"":[[[-67.3556871352419,9.131373331208525],[-67.35342349515189,9.131373331208525],[-67.35342349515189,9.133622615423633],[-67.3556871352419,9.133622615423633],[-67.3556871352419,9.131373331208525]]]}"
184,487.81772784019967,578.8650905118601,697.0655430711611,1754.6698657927589,2363.552122347066,1213.3076622971284,-0.5031733270011127,0.43060811500719326,HT,06/12/2018,3754,184,8.438413177908556,-67.20860481262207,0.900248996648417,2,0,"{""geodesic"":false,""type"":""Polygon"",""coordinates"":[[[-67.20970878831446,8.437424774226216],[-67.20744938151235,8.437424774226216],[-67.20744938151235,8.439674058441218],[-67.20970878831446,8.439674058441218],[-67.20970878831446,8.437424774226216]]]}"
185,245.83448854108434,241.79843487982106,210.49731693683626,508.4666852990496,357.1589155953046,183.50614868641688,-0.21372610478301526,0.3038323222489582,HT,06/12/2018,3754,185,9.567912472290326,-67.52059936523438,0.18425807797726446,2,1,"{""geodesic"":false,""type"":""Polygon"",""coordinates"":[[[-67.52187687855879,9.567056244006482],[-67.51961040242512,9.567056244006482],[-67.51961040242512,9.569305528221657],[-67.52187687855879,9.569305528221657],[-67.52187687855879,9.567056244006482]]]}"
186,208.30208255018434,253.794601909631,150.1866025110895,134.9228629426359,29.566799488760257,15.291782572738903,0.30802793413820545,-0.055071896620571964,HT,06/12/2018,3754,186,10.122582995738417,-67.60814666748047,0.7607200694664339,2,1,"{""geodesic"":false,""type"":""Polygon"",""coordinates"":[[[-67.60946452140803,10.121765931950272],[-67.60719423388778,10.121765931950272],[-67.60719423388778,10.124015216165528],[-67.60946452140803,10.124015216165528],[-67.60946452140803,10.121765931950272]]]}"
187,386.9599283635552,543.2923662413258,423.1175845086191,162.2882247593464,37.24826505484667,23.228453100514905,0.5407139283629842,-0.4469606789814093,HT,06/12/2018,3754,187,9.100994988199185,-67.3970890045166,0.10581243877465951,2,1,"{""geodesic"":false,""type"":""Polygon"",""coordinates"":[[[-67.39835701173321,9.099932296264345],[-67.39609357097083,9.099932296264345],[-67.39609357097083,9.102181580479447],[-67.39835701173321,9.102181580479447],[-67.39835701173321,9.099932296264345]]]}"
188,455.9308144416457,670.3489504617969,759.8321298628606,1075.932325776658,536.009627763784,292.7994402462916,-0.22836586819938778,0.168279894625628,HT,06/12/2018,3754,188,8.76836735968713,-67.53201484680176,0.021739965496194835,2,1,"{""geodesic"":false,""type"":""Polygon"",""coordinates"":[[[-67.53310327429665,8.76755564114013],[-67.53084189694427,8.76755564114013],[-67.53084189694427,8.769804925355182],[-67.53310327429665,8.769804925355182],[-67.53310327429665,8.76755564114013]]]}"
189,436.99641247355316,626.0137981786401,673.4854199245696,1973.42627173213,2214.792015453959,1176.8677214607667,-0.5038831321698807,0.47280428780133543,HT,06/12/2018,3754,189,8.615731410970591,-67.89344787597656,0.3044976082496649,2,0,"{""geodesic"":false,""type"":""Polygon"",""coordinates"":[[[-67.89467471624114,8.614842042839816],[-67.89241426019126,8.614842042839816],[-67.89241426019126,8.617091327054844],[-67.89467471624114,8.617091327054844],[-67.89467471624114,8.614842042839816]]]}"
19,455.07194767441854,679.6220930232557,657.1504360465116,2813.9236918604647,2148.8880813953488,1018.3655523255815,-0.6112704972770919,0.6219318470806284,HT,06/12/2018,3754,19,8.582209392210057,-67.47133255004883,0.9232385711874744,0,99,"{""geodesic"":false,""type"":""Polygon"",""coordinates"":[[[-67.47246643238192,8.581155219685334],[-67.47020617729824,8.581155219685334],[-67.47020617729824,8.58340450390036],[-67.47246643238192,8.58340450390036],[-67.47246643238192,8.581155219685334]]]}"
190,344.48289377904734,493.08835881068404,504.6548518954031,2271.469287194133,1977.6821770535876,952.7406349739632,-0.6423601464201966,0.6368288682998986,HT,06/12/2018,3754,190,8.952482030138537,-67.36361503601074,0.4504292016827228,2,0,"{""geodesic"":false,""type"":""Polygon"",""coordinates"":[[[-67.36466972430205,8.951710274384627],[-67.36240721358045,8.951710274384627],[-67.36240721358045,8.95395955859971],[-67.36466972430205,8.95395955859971],[-67.36466972430205,8.951710274384627]]]}"
191,389.4973387864865,524.0043139671689,684.6924757689502,1989.5717407137647,2313.1986105664173,1155.430948512521,-0.5816922568701628,0.4868583801483784,HT,06/12/2018,3754,191,8.61810754268977,-67.42652893066406,0.600670189218167,2,0,"{""geodesic"":false,""type"":""Polygon"",""coordinates"":[[[-67.42755077520086,8.617087831050114],[-67.42529030572416,8.617087831050114],[-67.42529030572416,8.619337115265145],[-67.42755077520086,8.619337115265145],[-67.42755077520086,8.617087831050114]]]}"
192,512.5965807174891,645.2356502242154,792.6977578475338,1636.3901345291483,2092.522645739911,1403.7593049327356,-0.4331044184779286,0.34605122573789976,HT,06/12/2018,3754,192,8.636097769377116,-67.04904556274414,0.775690336659665,2,0,"{""geodesic"":false,""type"":""Polygon"",""coordinates"":[[[-67.05025840955655,8.635054136732505],[-67.04799783253469,8.635054136732505],[-67.04799783253469,8.637303420947537],[-67.05025840955655,8.637303420947537],[-67.05025840955655,8.635054136732505]]]}"
193,280.94065040650406,360.5891598915989,283.739837398374,1882.3869918699188,1314.4189701897017,538.5013550135501,-0.6504616775045509,0.7144853219003454,HT,06/12/2018,3754,193,9.534310034910378,-67.61492729187012,0.5545260794904069,2,99,"{""geodesic"":false,""type"":""Polygon"",""coordinates"":[[[-67.61619987146514,9.533369420852003],[-67.6139336195426,9.533369420852003],[-67.6139336195426,9.535618705067169],[-67.61619987146514,9.535618705067169],[-67.61619987146514,9.533369420852003]]]}"
194,371.70890889771266,503.38269671718587,408.90738772999276,555.1478105251387,343.9552038476596,173.74285554499195,0.20964895320283528,-0.12101698529928405,HT,06/12/2018,3754,194,9.098791476963674,-67.40833282470703,0.641668709736633,2,1,"{""geodesic"":false,""type"":""Polygon"",""coordinates"":[[[-67.40958594569096,9.097686508054046],[-67.40732251913884,9.097686508054046],[-67.40732251913884,9.099935792269148],[-67.40958594569096,9.099935792269148],[-67.40958594569096,9.097686508054046]]]}"
195,470.255141010576,679.6454171562867,972.6216216216221,2059.113542890717,3381.753378378379,2074.1364571092836,-0.5045191901292758,0.3607116797839503,HT,06/12/2018,3754,195,9.193021793354761,-66.56847953796387,0.5642287292919023,2,0,"{""geodesic"":false,""type"":""Polygon"",""coordinates"":[[[-66.5696614545481,9.19200961288659],[-66.56739742801585,9.19200961288659],[-66.56739742801585,9.194258897101708],[-66.5696614545481,9.194258897101708],[-66.5696614545481,9.19200961288659]]]}"
196,382.2243471453335,529.9347984118998,558.6916624727395,2186.3924956662754,2020.8739585080798,1023.6596767880108,-0.5994264523944647,0.5793043010951933,HT,06/12/2018,3754,196,9.264864045175383,-67.68685340881348,0.6964994851736068,2,0,"{""geodesic"":false,""type"":""Polygon"",""coordinates"":[[[-67.68806421364053,9.263874835616152],[-67.68579972564692,9.263874835616152],[-67.68579972564692,9.26612411983128],[-67.68806421364053,9.26612411983128],[-67.68806421364053,9.263874835616152]]]}"
197,405.53923653867673,593.3624202395611,520.0736034926674,194.91884025523322,47.954942348595075,25.013097503638182,0.5062749288601865,-0.45558310244196626,HT,06/12/2018,3754,197,9.130147857639992,-67.3520278930664,0.7420887587973344,2,1,"{""geodesic"":false,""type"":""Polygon"",""coordinates"":[[[-67.35344133991227,9.129127542998226],[-67.35117771408372,9.129127542998226],[-67.35117771408372,9.131376827213336],[-67.35344133991227,9.131376827213336],[-67.35344133991227,9.129127542998226]]]}"
198,300.5541447589216,321.0921803333705,287.69873587649613,635.6225528582613,547.442387291643,318.7637878957377,-0.08097152679718989,0.2283556970030284,HT,06/12/2018,3754,198,9.545736928439242,-67.64479637145996,0.993058737165438,2,1,"{""geodesic"":false,""type"":""Polygon"",""coordinates"":[[[-67.64539515546194,9.544598361903494],[-67.64312882889433,9.544598361903494],[-67.64312882889433,9.546847646118666],[-67.64539515546194,9.546847646118666],[-67.64539515546194,9.544598361903494]]]}"
199,400.0143417366948,541.7595518207287,419.65086834733916,405.76918767507004,173.0137254901961,81.62997198879552,0.3257866090835268,-0.22387100944433347,HT,06/12/2018,3754,199,8.98647925482577,-67.34799385070801,0.6439825847179153,2,1,"{""geodesic"":false,""type"":""Polygon"",""coordinates"":[[[-67.3489493116501,8.985397097539106],[-67.34668659095232,8.985397097539106],[-67.34668659095232,8.98764638175419],[-67.3489493116501,8.98764638175419],[-67.3489493116501,8.985397097539106]]]}"
2,419.2773308580855,595.2472153465343,634.9253300330029,2496.1663572607245,2476.911819306929,1261.0363036303627,-0.6148544489366885,0.5945820815048333,HT,06/12/2018,3754,2,9.498333983912344,-67.6622200012207,0.994712801568607,0,0,"{""geodesic"":false,""type"":""Polygon"",""coordinates"":[[[-67.66336130494875,9.49743680948722],[-67.6610952912726,9.49743680948722],[-67.6610952912726,9.499686093702385],[-67.66336130494875,9.499686093702385],[-67.66336130494875,9.49743680948722]]]}"
20,424.6947415579326,614.1501372010976,690.6452371618974,2236.7527580220644,2103.5942767542147,1275.439379515037,-0.5523041499695203,0.5095092257081969,HT,06/12/2018,3754,20,8.775407980334489,-67.50068664550781,0.23975514503583806,0,0,"{""geodesic"":false,""type"":""Polygon"",""coordinates"":[[[-67.50166225983612,8.774293005771026],[-67.49940084145067,8.774293005771026],[-67.49940084145067,8.776542289986079],[-67.50166225983612,8.776542289986079],[-67.50166225983612,8.774293005771026]]]}"
200,329.000111888112,425.35261538461555,361.4561678321679,893.5903776223781,645.3129510489512,323.73415384615396,-0.28598292153127575,0.355162043138662,HT,06/12/2018,3754,200,9.024626954930064,-67.31863975524902,0.7948652196807956,2,0,"{""geodesic"":false,""type"":""Polygon"",""coordinates"":[[[-67.31975418420798,9.023575497114187],[-67.31749122454433,9.023575497114187],[-67.31749122454433,9.025824781329279],[-67.31975418420798,9.025824781329279],[-67.31975418420798,9.023575497114187]]]}"
201,269.08945223072203,329.817019375733,227.47825115863535,378.6527444301747,262.4234742308337,140.6317493997432,0.0949187047964563,0.09944162829208854,HT,06/12/2018,3754,201,9.83948678486894,-66.96802139282227,0.5492246903869517,2,1,"{""geodesic"":false,""type"":""Polygon"",""coordinates"":[[[-66.96941389682985,9.838796617452632],[-66.96714558174565,9.838796617452632],[-66.96714558174565,9.841045901667847],[-66.96941389682985,9.841045901667847],[-66.96941389682985,9.838796617452632]]]}"
202,241.49014297411338,214.76399823644257,163.22353089374562,268.8991623102601,179.75436165522447,96.84644454241982,0.004618487341928106,0.1554207972304701,HT,06/12/2018,3754,202,9.579253603716936,-67.60153770446777,0.9751129426649751,2,1,"{""geodesic"":false,""type"":""Polygon"",""coordinates"":[[[-67.6027252915303,9.578285185057977],[-67.6004587404756,9.578285185057977],[-67.6004587404756,9.580534469273154],[-67.6027252915303,9.580534469273154],[-67.6027252915303,9.578285185057977]]]}"
203,391.8255989277938,477.3391411179987,597.5909979337691,1281.715027642821,1518.0314960629921,831.4058189534821,-0.4052399608104789,0.3352568651055244,HT,06/12/2018,3754,203,9.563257420728679,-67.5454044342041,0.1426442803138177,2,0,"{""geodesic"":false,""type"":""Polygon"",""coordinates"":[[[-67.54658053392473,9.562564667585885],[-67.5443140877337,9.562564667585885],[-67.5443140877337,9.564813951801058],[-67.54658053392473,9.564813951801058],[-67.54658053392473,9.562564667585885]]]}"
204,340.360026880215,411.6153329226633,506.1599372794982,1057.015456123649,881.045808366467,593.7086296690375,-0.41073485808073096,0.32478869329055865,HT,06/12/2018,3754,204,8.782109169911548,-67.50060081481934,0.8428232200131904,2,0,"{""geodesic"":false,""type"":""Polygon"",""coordinates"":[[[-67.50166228033618,8.781030370401924],[-67.49940082088492,8.781030370401924],[-67.49940082088492,8.783279654616976],[-67.50166228033618,8.783279654616976],[-67.50166228033618,8.781030370401924]]]}"
205,326.9697613325136,437.5688893857247,491.3597898384659,923.2834944944384,462.10111229109606,229.66262366553013,-0.33072865931853934,0.2847970997346363,HT,06/12/2018,3754,205,9.37268452640674,-67.38378524780273,0.8445396644695904,2,1,"{""geodesic"":false,""type"":""Polygon"",""coordinates"":[[[-67.38488315430493,9.371672669710492],[-67.38261796708274,9.371672669710492],[-67.38261796708274,9.373921953925636],[-67.38488315430493,9.373921953925636],[-67.38488315430493,9.371672669710492]]]}"
206,363.82068502350586,506.5897134542201,444.7905753301994,291.06564808596386,106.57600179091115,49.11355495858519,0.3177126455210024,-0.2612553301624389,HT,06/12/2018,3754,206,9.080569614206423,-67.30971336364746,0.59727688020615,2,1,"{""geodesic"":false,""type"":""Polygon"",""coordinates"":[[[-67.3107712077532,9.079720202371657],[-67.3085078947516,9.079720202371657],[-67.3085078947516,9.081969486586758],[-67.3107712077532,9.081969486586758],[-67.3107712077532,9.079720202371657]]]}"
207,253.80206703910616,231.87184357541895,195.8623463687151,289.0165363128492,232.6554189944134,129.90139664804462,0.03588932772875242,0.10981234684703169,HT,06/12/2018,3754,207,9.581707977831318,-67.59939193725586,0.6080797753573883,2,1,"{""geodesic"":false,""type"":""Polygon"",""coordinates"":[[[-67.60047951080566,9.580530973268274],[-67.5982129447557,9.580530973268274],[-67.5982129447557,9.582780257483451],[-67.60047951080566,9.582780257483451],[-67.60047951080566,9.580530973268274]]]}"
208,308.6892992635571,301.2690247712564,241.32319794688684,655.1398125418434,261.2499999999999,128.08614148627535,-0.10779478504532847,0.2156856906167415,HT,06/12/2018,3754,208,10.214753376988362,-67.61492729187012,0.6097158632283787,2,1,"{""geodesic"":false,""type"":""Polygon"",""coordinates"":[[[-67.6162022127733,10.213843248572516],[-67.61393127073845,10.213843248572516],[-67.61393127073845,10.216092532787789],[-67.6162022127733,10.216092532787789],[-67.6162022127733,10.213843248572516]]]}"
209,337.2934064703908,471.23301242583716,396.58171946714447,460.23642673234093,185.36712190753397,82.88794357998435,0.17884436308607296,-0.10403445487003506,HT,06/12/2018,3754,209,9.134808706045375,-67.35477447509766,0.4986214375713255,2,1,"{""geodesic"":false,""type"":""Polygon"",""coordinates"":[[[-67.35568714236304,9.133619119418823],[-67.35342348800793,9.133619119418823],[-67.35342348800793,9.13586840363393],[-67.35568714236304,9.13586840363393],[-67.35568714236304,9.133619119418823]]]}"
21,231.92207647223003,375.764443204019,353.8243371476416,2252.696120569356,2041.7608149595314,990.0890873569638,-0.7130006358319754,0.7274486045921505,HT,06/12/2018,3754,21,9.77233286450592,-66.44042015075684,0.948987244812596,0,0,"{""geodesic"":false,""type"":""Polygon"",""coordinates"":[[[-66.44165343729064,9.771422971143666],[-66.4393855831794,9.771422971143666],[-66.4393855831794,9.773672255358873],[-66.44165343729064,9.773672255358873],[-66.44165343729064,9.771422971143666]]]}"
210,448.86942657342644,622.4115244755244,448.06008391608384,185.35625174825168,68.09124475524474,34.9175944055944,0.5729657409804165,-0.4595957663663074,HT,06/12/2018,3754,210,9.038020080407914,-67.33880996704102,0.8527617082438148,2,1,"{""geodesic"":false,""type"":""Polygon"",""coordinates"":[[[-67.33996632032952,9.037050226375976],[-67.33770327607299,9.037050226375976],[-67.33770327607299,9.039299510591071],[-67.33996632032952,9.039299510591071],[-67.33996632032952,9.037050226375976]]]}"
211,397.0492776346732,546.9829208198001,454.995296225781,627.9146040990028,490.44960241908365,267.6896068988687,0.08376131642852264,-0.005941600240086276,HT,06/12/2018,3754,211,9.04234307159734,-67.32078552246094,0.5559715403382279,2,1,"{""geodesic"":false,""type"":""Polygon"",""coordinates"":[[[-67.32200002873793,9.041541802796578],[-67.31973695625454,9.041541802796578],[-67.31973695625454,9.04379108701167],[-67.32200002873793,9.04379108701167],[-67.32200002873793,9.041541802796578]]]}"
212,230.35700736442743,247.45932827493863,142.12151305512157,386.1349587145725,141.67691363534917,61.38763668823922,0.06345469733797675,0.1994489059977966,HT,06/12/2018,3754,212,10.147254483386565,-67.6307201385498,0.23229791173429704,2,1,"{""geodesic"":false,""type"":""Polygon"",""coordinates"":[[[-67.6319224908657,10.146469602263556],[-67.62965202835653,10.146469602263556],[-67.62965202835653,10.148718886478816],[-67.6319224908657,10.148718886478816],[-67.6319224908657,10.146469602263556]]]}"
213,463.0331470095021,589.4553940749014,734.043432084963,1588.4627166014518,2114.0722750139726,1254.2094466182214,-0.396434174521298,0.333705292528301,HT,06/12/2018,3754,213,9.574852612598866,-67.55707740783691,0.5611764980085578,2,0,"{""geodesic"":false,""type"":""Polygon"",""coordinates"":[[[-67.55780951235849,9.573793608637377],[-67.55554299128323,9.573793608637377],[-67.55554299128323,9.57604289285255],[-67.55780951235849,9.57604289285255],[-67.55780951235849,9.573793608637377]]]}"
214,287.7621877013386,411.28914023910073,320.30195432743915,1282.2849881881298,598.4895124919461,258.2597895339679,-0.2796964092165655,0.3616989326824424,HT,06/12/2018,3754,214,9.161755687904089,-67.36567497253418,0.7426836850475087,2,99,"{""geodesic"":false,""type"":""Polygon"",""coordinates"":[[[-67.3669161690108,9.16056857794241],[-67.364652343189,9.16056857794241],[-67.364652343189,9.162817862157521],[-67.3669161690108,9.162817862157521],[-67.3669161690108,9.16056857794241]]]}"
215,364.1279941795387,502.4212558764269,635.5213790015667,2004.2659503022153,2670.3477725542853,1588.9663084844412,-0.5990628093093538,0.5204393228834646,HT,06/12/2018,3754,215,9.107690189036045,-66.77069664001465,0.40441978228840036,2,0,"{""geodesic"":false,""type"":""Polygon"",""coordinates"":[[[-66.77178212235104,9.106669660895243],[-66.76951863893593,9.106669660895243],[-66.76951863893593,9.108918945110346],[-66.77178212235104,9.108918945110346],[-66.77178212235104,9.106669660895243]]]}"
216,469.68115860832546,734.0225782957033,874.7977477729848,1513.9253179449831,1644.176872653931,1159.3226511289154,-0.32054979076383305,0.25281460744383016,HT,06/12/2018,3754,216,8.606481327477482,-67.88005828857422,0.47519558988604405,2,1,"{""geodesic"":false,""type"":""Polygon"",""coordinates"":[[[-67.8811999601868,8.605858889998622],[-67.87893955780783,8.605858889998622],[-67.87893955780783,8.60810817421365],[-67.8811999601868,8.60810817421365],[-67.8811999601868,8.605858889998622]]]}"
217,629.101014062412,861.0448764636668,1065.142753095411,2293.2037088912534,2762.2588380301413,1598.743178889573,-0.4533733222898168,0.3649429257916066,HT,06/12/2018,3754,217,8.537310711989878,-66.86502456665039,0.6290742413854109,2,0,"{""geodesic"":false,""type"":""Polygon"",""coordinates"":[[[-66.86610348247147,8.536239455479363],[-66.863843494072,8.536239455479363],[-66.863843494072,8.538488739694378],[-66.86610348247147,8.538488739694378],[-66.86610348247147,8.536239455479363]]]}"
218,329.8614005602242,491.15221288515386,549.1961904761904,984.7526050420171,710.9923249299718,407.3049299719887,-0.279510750172259,0.2337376411658824,HT,06/12/2018,3754,218,8.593412016965644,-67.8980827331543,0.3155654975779365,2,1,"{""geodesic"":false,""type"":""Polygon"",""coordinates"":[[[-67.89916622573487,8.592384160736827],[-67.89690590375324,8.592384160736827],[-67.89690590375324,8.594633444951853],[-67.89916622573487,8.594633444951853],[-67.89916622573487,8.592384160736827]]]}"
219,334.4518166573502,386.4803801006145,396.09552822806006,1197.4503633314694,1267.1513694801552,677.3508105086636,-0.3777345721222973,0.41102874232263015,HT,06/12/2018,3754,219,9.588140046468478,-67.58368492126465,0.4079538106321612,2,0,"{""geodesic"":false,""type"":""Polygon"",""coordinates"":[[[-67.58475901580145,9.58726833789917],[-67.58249240474368,9.58726833789917],[-67.58249240474368,9.589517622114345],[-67.58475901580145,9.589517622114345],[-67.58475901580145,9.58726833789917]]]}"
22,380.26193006993014,536.1161398601396,666.9406993006994,2149.855664335664,2480.8398881118874,1280.9804195804195,-0.6009117284792377,0.5286461675591076,HT,06/12/2018,3754,22,9.035731417007435,-66.80434226989746,0.7563297234155186,0,0,"{""geodesic"":false,""type"":""Polygon"",""coordinates"":[[[-66.8054687192348,9.034804438165677],[-66.8032056890862,9.034804438165677],[-66.8032056890862,9.037053722380772],[-66.8054687192348,9.037053722380772],[-66.8054687192348,9.034804438165677]]]}"
220,418.0563356643358,578.9351048951053,470.467244755245,983.2208111888114,601.3950769230771,300.1657622377623,0.04381378394611651,0.042830995137592774,HT,06/12/2018,3754,220,9.06497435417374,-67.42627143859863,0.2601686436519376,2,1,"{""geodesic"":false,""type"":""Polygon"",""coordinates"":[[[-67.42755214518584,9.063999684899564],[-67.42528893134904,9.063999684899564],[-67.42528893134904,9.06624896911466],[-67.42755214518584,9.06624896911466],[-67.42755214518584,9.063999684899564]]]}"
221,347.7484055052031,479.26893812241224,545.2970795568979,1707.3418932527684,2215.6132371041726,1263.6981089851172,-0.5611301696619069,0.5153463931257508,HT,06/12/2018,3754,221,9.197427635244406,-66.51904106140137,0.17080169281599744,2,0,"{""geodesic"":false,""type"":""Polygon"",""coordinates"":[[[-66.5202541282642,9.196501189307192],[-66.51799007300048,9.196501189307192],[-66.51799007300048,9.198750473522308],[-66.5202541282642,9.198750473522308],[-66.5202541282642,9.196501189307192]]]}"
222,302.2092876322855,424.83888801137243,414.56341810140583,2293.374190491233,1942.2399305007098,949.6335492023377,-0.6882358813130599,0.695708082468668,HT,06/12/2018,3754,222,9.125656436979337,-66.84708595275879,0.023761868132848196,2,99,"{""geodesic"":false,""type"":""Polygon"",""coordinates"":[[[-66.84813897836099,9.12463596657763],[-66.84587538104441,9.12463596657763],[-66.84587538104441,9.126885250792734],[-66.84813897836099,9.126885250792734],[-66.84813897836099,9.12463596657763]]]}"
223,434.6842517482518,621.5309090909093,476.41202797202806,163.53521678321678,44.13264335664337,32.02718881118882,0.5841952501769544,-0.4898656924894798,HT,06/12/2018,3754,223,9.071754985300291,-67.3117733001709,0.9123213371547868,2,1,"{""geodesic"":false,""type"":""Polygon"",""coordinates"":[[[-67.31301696766506,9.07073704953046],[-67.31075371135098,9.07073704953046],[-67.31075371135098,9.07298633374556],[-67.31301696766506,9.07298633374556],[-67.31301696766506,9.07073704953046]]]}"
224,248.4587640202331,212.2619309434792,151.6808884979107,197.63778315372775,56.89663514405103,42.73674950516825,0.08402889724577133,0.08243613594768277,HT,06/12/2018,3754,224,10.210614306818403,-67.60600090026855,0.3991458036171843,2,99,"{""geodesic"":false,""type"":""Polygon"",""coordinates"":[[[-67.60721904392155,10.209351672151923],[-67.60494813395907,10.209351672151923],[-67.60494813395907,10.211600956367196],[-67.60721904392155,10.211600956367196],[-67.60721904392155,10.209351672151923]]]}"
225,451.6166983984767,623.2165416060024,454.0472617314366,160.6303057453241,42.987008623586036,28.049109642737132,0.5908693802260434,-0.47803515441751243,HT,06/12/2018,3754,225,9.042682127534942,-67.32730865478516,0.6411138868857456,2,1,"{""geodesic"":false,""type"":""Polygon"",""coordinates"":[[[-67.32873739336885,9.041541802796578],[-67.32647432088548,9.041541802796578],[-67.32647432088548,9.04379108701167],[-67.32873739336885,9.04379108701167],[-67.32873739336885,9.041541802796578]]]}"
226,350.27846472332567,483.9514351256083,474.93017400548297,995.2273820847088,777.7867733452694,456.8238124545403,-0.25893193288320887,0.28084179688034594,HT,06/12/2018,3754,226,9.084892093424417,-67.30027198791504,0.2497400660644601,2,1,"{""geodesic"":false,""type"":""Polygon"",""coordinates"":[[[-67.30178806907215,9.084211778792254],[-67.29952472770485,9.084211778792254],[-67.29952472770485,9.086461063007354],[-67.30178806907215,9.086461063007354],[-67.30178806907215,9.084211778792254]]]}"
227,295.9672195230916,352.79354442396834,314.0276986653265,1366.225610096611,1068.503322722958,516.0647791366504,-0.4552075451666129,0.5243375531085963,HT,06/12/2018,3754,227,9.556655601987206,-67.60625839233398,0.8604441096080665,2,0,"{""geodesic"":false,""type"":""Polygon"",""coordinates"":[[[-67.60721679319558,9.555827302954988],[-67.60495039189094,9.555827302954988],[-67.60495039189094,9.55807658717016],[-67.60721679319558,9.55807658717016],[-67.60721679319558,9.555827302954988]]]}"
228,340.5386293706295,443.675300699301,439.69784615384646,1095.6175104895108,895.4536503496506,464.7643076923078,-0.3846539283261345,0.38742134028592745,HT,06/12/2018,3754,228,9.085231109197418,-67.31194496154785,0.6437256856121623,2,0,"{""geodesic"":false,""type"":""Polygon"",""coordinates"":[[[-67.31301701012366,9.084211778792254],[-67.31075366875635,9.084211778792254],[-67.31075366875635,9.086461063007354],[-67.31301701012366,9.086461063007354],[-67.31301701012366,9.084211778792254]]]}"
229,248.98631819958683,211.97682470542247,137.97995197408838,138.14681409504666,47.77656782263919,23.237058133690738,0.21422337453815685,-9.232203775827935E-4,HT,06/12/2018,3754,229,9.570028383745855,-67.58548736572266,0.9727764652637303,2,1,"{""geodesic"":false,""type"":""Polygon"",""coordinates"":[[[-67.587004744134,9.56930203221678],[-67.58473825302349,9.56930203221678],[-67.58473825302349,9.571551316431952],[-67.587004744134,9.571551316431952],[-67.587004744134,9.56930203221678]]]}"
23,280.90189270914976,447.2101019151079,343.9592339567698,2851.6385373502067,1863.7551237540588,783.4704894165076,-0.7290707801932351,0.7853097569171783,HT,06/12/2018,3754,23,8.793221002185092,-67.80590057373047,0.6489482749957981,0,0,"{""geodesic"":false,""type"":""Polygon"",""coordinates"":[[[-67.80708951114048,8.792259311453417],[-67.80482798317335,8.792259311453417],[-67.80482798317335,8.794508595668471],[-67.80708951114048,8.794508595668471],[-67.80708951114048,8.792259311453417]]]}"
230,358.8652307692309,517.9055664335665,576.9658181818183,2154.0578461538466,2159.529902097903,1091.118433566434,-0.6112862045868478,0.5773477301461212,HT,06/12/2018,3754,230,9.186328197873017,-67.33889579772949,0.2888735204026237,2,0,"{""geodesic"":false,""type"":""Polygon"",""coordinates"":[[[-67.33996678918146,9.185272248255696],[-67.33770280571899,9.185272248255696],[-67.33770280571899,9.18752153247081],[-67.33996678918146,9.18752153247081],[-67.33996678918146,9.185272248255696]]]}"
231,374.3280532855701,496.99557819321575,579.6452479570129,1584.421526922645,2343.06117765588,1366.2003246389781,-0.5223282453215237,0.4641317321980834,HT,06/12/2018,3754,231,9.197597089606354,-66.52350425720215,0.09720428983831608,2,0,"{""geodesic"":false,""type"":""Polygon"",""coordinates"":[[[-66.5247457046848,9.196501189307192],[-66.52248164942108,9.196501189307192],[-66.52248164942108,9.19875047352231],[-66.5247457046848,9.19875047352231],[-66.5247457046848,9.196501189307192]]]}"
232,429.9494537509103,385.0694828841951,299.14115076474855,355.81383831026943,96.55717407137651,56.39067734887108,0.0404585504491585,0.08534159691972093,HT,06/12/2018,3754,232,10.223538163687177,-67.63535499572754,0.836360236156902,2,99,"{""geodesic"":false,""type"":""Polygon"",""coordinates"":[[[-67.63641433870944,10.222826401413714],[-67.63414333248522,10.222826401413714],[-67.63414333248522,10.225075685628987],[-67.63641433870944,10.225075685628987],[-67.63641433870944,10.222826401413714]]]}"
233,317.29258741258764,440.1959160839162,359.94327272727276,1130.9313566433568,494.3832727272728,206.52895104895106,-0.38882041674262785,0.4612469515267074,HT,06/12/2018,3754,233,9.145740274886528,-67.36576080322266,0.19070549146920646,2,0,"{""geodesic"":false,""type"":""Polygon"",""coordinates"":[[[-67.3669161190477,9.14484806047032],[-67.36465239331216,9.14484806047032],[-67.36465239331216,9.14709734468543],[-67.3669161190477,9.14709734468543],[-67.3669161190477,9.14484806047032]]]}"
234,483.96340096401747,719.5644546575498,864.0706759331916,950.2065351418008,243.03615065575613,130.47774913126332,-0.13240506611873998,0.0420098222005212,HT,06/12/2018,3754,234,8.615816273074811,-67.75418758392334,0.16007085881000294,2,1,"{""geodesic"":false,""type"":""Polygon"",""coordinates"":[[[-67.75543584720236,8.614842042839815],[-67.75317539115248,8.614842042839815],[-67.75317539115248,8.617091327054844],[-67.75543584720236,8.617091327054844],[-67.75543584720236,8.614842042839815]]]}"
235,478.5171894184617,632.9070208728654,722.0731108382631,2286.0753990400713,2538.8453510436425,1586.1980131711127,-0.5568001029689548,0.5079636467999451,HT,06/12/2018,3754,235,10.064191893696494,-67.44446754455566,0.7399999861181226,2,0,"{""geodesic"":false,""type"":""Polygon"",""coordinates"":[[[-67.4455217764721,10.063375438482506],[-67.44325190077762,10.063375438482506],[-67.44325190077762,10.065624722697754],[-67.4455217764721,10.065624722697754],[-67.4455217764721,10.063375438482506]]]}"
236,622.5056794528693,916.8066012488848,1092.2314600059465,1644.974070770145,1705.505917335712,938.0130240856375,-0.279799195942549,0.1987340476901735,HT,06/12/2018,3754,236,8.586707455528488,-67.87087440490723,0.6212254206873242,2,1,"{""geodesic"":false,""type"":""Polygon"",""coordinates"":[[[-67.87221674716854,8.585646796105934],[-67.86995646533657,8.585646796105934],[-67.86995646533657,8.587896080320956],[-67.87221674716854,8.587896080320956],[-67.87221674716854,8.585646796105934]]]}"
237,426.3650909090907,622.9954125874126,472.93275524475507,174.6593566433566,43.73493706293705,28.503664335664332,0.563027463132155,-0.4616065949576724,HT,06/12/2018,3754,237,9.069042748219305,-67.30962753295898,0.29934052789907517,2,1,"{""geodesic"":false,""type"":""Polygon"",""coordinates"":[[[-67.31077117238472,9.06849126132016],[-67.30850793023339,9.06849126132016],[-67.30850793023339,9.070740545535259],[-67.31077117238472,9.070740545535259],[-67.31077117238472,9.06849126132016]]]}"
238,,,,,,,,,HT,06/12/2018,3754,238,8.47890906689001,-66.99522972106934,0.07798714566017606,2,99,"{""geodesic"":false,""type"":""Polygon"",""coordinates"":[[[-66.99635902668484,8.477848962011596],[-66.99409938280506,8.477848962011596],[-66.99409938280506,8.480098246226602],[-66.99635902668484,8.480098246226602],[-66.99635902668484,8.477848962011596]]]}"
239,359.5746001565819,503.53886589866886,529.0334973716584,2156.2399619729326,2195.1130186779997,1119.682026618946,-0.6213370852912639,0.6060149342797307,HT,06/12/2018,3754,239,9.379459247594172,-67.32550621032715,0.05509282036294749,2,0,"{""geodesic"":false,""type"":""Polygon"",""coordinates"":[[[-67.32649268279309,9.37841003434139],[-67.32422745158851,9.37841003434139],[-67.32422745158851,9.380659318556534],[-67.32649268279309,9.380659318556534],[-67.32649268279309,9.37841003434139]]]}"
24,510.455518207283,725.6764145658266,918.9490196078432,2298.8314845938376,3268.926554621849,1979.01081232493,-0.5236788747456128,0.4342361044335434,HT,06/12/2018,3754,24,8.600031594221486,-67.43983268737793,0.061526577122832604,0,0,"{""geodesic"":false,""type"":""Polygon"",""coordinates"":[[[-67.44102545089216,8.599121525367725],[-67.43876508872818,8.599121525367725],[-67.43876508872818,8.601370809582752],[-67.44102545089216,8.601370809582752],[-67.44102545089216,8.599121525367725]]]}"
240,378.0693641618497,534.5549132947976,658.8863198458573,2093.0481695568396,2407.0077071290943,1277.0655105973024,-0.5927010092975669,0.5200234949339126,HT,06/12/2018,3754,240,9.118961572909836,-66.62014961242676,0.05081356665424519,2,99,"{""geodesic"":false,""type"":""Polygon"",""coordinates"":[[[-66.62131434778438,9.117898601946735],[-66.61905079320826,9.117898601946735],[-66.61905079320826,9.12014788616184],[-66.62131434778438,9.12014788616184],[-66.62131434778438,9.117898601946735]]]}"
241,401.23844690612066,566.5132594830478,419.66789750475573,554.0553877139981,257.7919324157996,112.3149826563724,0.24587314640135913,-0.12914480783079102,HT,06/12/2018,3754,241,8.983681598523944,-67.34533309936523,0.49123395927980895,2,1,"{""geodesic"":false,""type"":""Polygon"",""coordinates"":[[[-67.34670351643902,8.983151309328811],[-67.34444080976522,8.983151309328811],[-67.34444080976522,8.985400593543893],[-67.34670351643902,8.985400593543893],[-67.34670351643902,8.983151309328811]]]}"
242,389.66142657342675,542.634293706294,458.29090909090917,167.5417622377622,44.5959160839161,31.76593006993006,0.52919670741744,-0.4656148669320191,HT,06/12/2018,3754,242,9.0781964661976,-67.31160163879395,0.8456401811958489,2,1,"{""geodesic"":false,""type"":""Polygon"",""coordinates"":[[[-67.31301698888616,9.077474414161356],[-67.3107536900619,9.077474414161356],[-67.3107536900619,9.079723698376455],[-67.31301698888616,9.079723698376455],[-67.31301698888616,9.077474414161356]]]}"
243,203.53563129357082,295.4577846630518,141.1718951717015,243.58391427833715,83.19913503743864,42.939904466821574,0.22613978616372968,0.12642737280429076,HT,06/12/2018,3754,243,10.158808028379068,-66.44503355026245,0.3851403149318742,2,1,"{""geodesic"":false,""type"":""Polygon"",""coordinates"":[[[-66.44614635560667,10.15769854331505],[-66.44387581340864,10.15769854331505],[-66.44387581340864,10.159947827530313],[-66.44614635560667,10.159947827530313],[-66.44614635560667,10.15769854331505]]]}"
244,461.06246152124027,633.5591313594895,487.9155985895788,200.1155202328315,68.38892931102033,38.28947221133936,0.52126257305969,-0.4208016986285662,HT,06/12/2018,3754,244,8.957060395454908,-67.35228538513184,0.13098566637186826,2,1,"{""geodesic"":false,""type"":""Polygon"",""coordinates"":[[[-67.35344079720288,8.956201850805225],[-67.35117825853189,8.956201850805225],[-67.35117825853189,8.958451135020303],[-67.35344079720288,8.958451135020303],[-67.35344079720288,8.956201850805225]]]}"
245,299.9417329004812,370.1004141945593,312.5535654315458,447.91643344900893,198.3690809358557,84.53627001007494,0.012249787018966595,0.06713067008687304,HT,06/12/2018,3754,245,9.143452299876603,-67.35219955444336,0.9705052076003002,2,1,"{""geodesic"":false,""type"":""Polygon"",""coordinates"":[[[-67.3534413826556,9.142602272260019],[-67.35117767120346,9.142602272260019],[-67.35117767120346,9.144851556475128],[-67.3534413826556,9.144851556475128],[-67.3534413826556,9.142602272260019]]]}"
246,272.8862781410959,277.901383181897,200.98148040974576,616.7659008044442,475.5335956941952,225.299727993518,-0.19913501528561664,0.35345713158921216,HT,06/12/2018,3754,246,9.574429437370398,-67.57012367248535,0.5183947937406205,2,1,"{""geodesic"":false,""type"":""Polygon"",""coordinates"":[[[-67.5712842416203,9.573793608637377],[-67.56901772054506,9.573793608637377],[-67.56901772054506,9.576042892852552],[-67.5712842416203,9.576042892852552],[-67.5712842416203,9.573793608637377]]]}"
247,355.0501258741259,507.38181818181823,536.7752167832167,2149.554013986014,2156.395916083916,1065.0847552447551,-0.6168872200181813,0.6004737808938613,HT,06/12/2018,3754,247,9.00233223229079,-67.31666564941406,0.7663667866008926,2,0,"{""geodesic"":false,""type"":""Polygon"",""coordinates"":[[[-67.31750832576223,9.001117615011198],[-67.31524550679453,9.001117615011198],[-67.31524550679453,9.003366899226288],[-67.31750832576223,9.003366899226288],[-67.31750832576223,9.001117615011198]]]}"
248,300.6397553516819,428.6945718654432,409.2457951070334,2046.8739296636065,2000.9681957186529,984.8372324159017,-0.6543711129352298,0.6679082873608231,HT,06/12/2018,3754,248,9.392584893282143,-67.09187507629395,0.4795991075194046,2,0,"{""geodesic"":false,""type"":""Polygon"",""coordinates"":[[[-67.09293075288315,9.391884763603185],[-67.09066543361469,9.391884763603185],[-67.09066543361469,9.39413404781833],[-67.09293075288315,9.39413404781833],[-67.09293075288315,9.391884763603185]]]}"
249,297.22064076802855,366.31106273721804,333.01227952668006,1111.290857334227,1050.6973654833669,568.8184862692568,-0.34451663948384637,0.4174239875987407,HT,06/12/2018,3754,249,9.852932846941638,-66.98175430297852,0.2865186086825644,2,0,"{""geodesic"":false,""type"":""Polygon"",""coordinates"":[[[-66.98288867231442,9.852271346714423],[-66.98062026463673,9.852271346714423],[-66.98062026463673,9.85452063092964],[-66.98288867231442,9.85452063092964],[-66.98288867231442,9.852271346714423]]]}"
25,157.14309189735823,248.0190873467324,155.40500568828216,2722.2300594109465,1179.150170648464,407.8548856023259,-0.8324697980977152,0.8914495945906566,HT,06/12/2018,3754,25,10.091318455270109,-66.44720077514648,0.3308943188797404,0,99,"{""geodesic"":false,""type"":""Polygon"",""coordinates"":[[[-66.44839190582707,10.090324897006088],[-66.44612184037068,10.090324897006088],[-66.44612184037068,10.092574181221343],[-66.44839190582707,10.092574181221343],[-66.44839190582707,10.090324897006088]]]}"
26,466.31106635336215,752.5040281973811,942.2557905337355,2366.459662078997,2828.1691842900286,1707.018238782589,-0.5086575533818016,0.4261216376519165,HT,06/12/2018,3754,26,9.258002387525103,-67.10989952087402,0.7449877879950483,0,0,"{""geodesic"":false,""type"":""Polygon"",""coordinates"":[[[-67.1108966219168,9.257137470985256],[-67.1086321773445,9.257137470985256],[-67.1086321773445,9.25938675520038],[-67.1108966219168,9.25938675520038],[-67.1108966219168,9.257137470985256]]]}"
27,312.8981885273396,476.8328860561329,594.3284132841324,1903.0628983562558,2289.974281560996,1318.8885161578883,-0.6005346425654589,0.5305912648699052,HT,06/12/2018,3754,27,9.62867619522922,-66.31708145141602,0.47980935758673204,0,0,"{""geodesic"":false,""type"":""Polygon"",""coordinates"":[[[-66.31813460034577,9.627692525684548],[-66.3158677185452,9.627692525684548],[-66.3158677185452,9.629941809899732],[-66.31813460034577,9.629941809899732],[-66.31813460034577,9.627692525684548]]]}"
28,310.3958204941453,479.8301865650737,439.6896184660204,2079.8266569555717,1688.0944590733375,774.7672138495154,-0.6237631443810142,0.6498577971324457,HT,06/12/2018,3754,28,8.606820784079316,-67.92726516723633,0.047250960651722296,0,0,"{""geodesic"":false,""type"":""Polygon"",""coordinates"":[[[-67.92836151260316,8.605858889998622],[-67.92610111022415,8.605858889998622],[-67.92610111022415,8.60810817421365],[-67.92836151260316,8.60810817421365],[-67.92836151260316,8.605858889998622]]]}"
29,301.62066644227525,490.6269493997532,421.5435880175024,3017.88365309099,1554.2723549870975,654.2904184898462,-0.719462378754097,0.7540820889523349,HT,06/12/2018,3754,29,8.47432484041288,-67.5523567199707,0.9247457788402773,0,0,"{""geodesic"":false,""type"":""Polygon"",""coordinates"":[[[-67.55331448966102,8.473357385590996],[-67.55105487218121,8.473357385590996],[-67.55105487218121,8.475606669806004],[-67.55331448966102,8.475606669806004],[-67.55331448966102,8.473357385590996]]]}"
3,315.35972222222205,440.53942307692273,506.0808760683758,1866.2300213675196,2126.5264957264935,1159.3977564102556,-0.6188713617696974,0.5764060715954706,HT,06/12/2018,3754,3,9.48487373603749,-66.49904251098633,0.7496738145280385,0,0,"{""geodesic"":false,""type"":""Polygon"",""coordinates"":[[[-66.50004296753337,9.483962080225428],[-66.49777704295693,9.483962080225428],[-66.49777704295693,9.486211364440589],[-66.50004296753337,9.486211364440589],[-66.50004296753337,9.483962080225428]]]}"
30,425.596328221202,574.4815291615356,685.2309414530391,2059.272640770177,2681.686667412962,1494.3479794022155,-0.5594680549499871,0.49847804743657714,HT,06/12/2018,3754,30,9.002077911930401,-66.64495468139648,0.5340955219752093,0,0,"{""geodesic"":false,""type"":""Polygon"",""coordinates"":[[[-66.64601765088176,9.0011176150112],[-66.64375483191405,9.0011176150112],[-66.64375483191405,9.003366899226288],[-66.64601765088176,9.003366899226288],[-66.64601765088176,9.0011176150112]]]}"
31,376.2800871605766,512.1723097552796,628.7942786903562,1920.4839646887917,2822.6073304279803,1705.7395239691582,-0.5780358348427116,0.5058467395960535,HT,06/12/2018,3754,31,9.48952985642851,-67.13221549987793,0.9165657155437806,0,0,"{""geodesic"":false,""type"":""Polygon"",""coordinates"":[[[-67.13335525765758,9.488453656646028],[-67.13108930339594,9.488453656646028],[-67.13108930339594,9.490702940861189],[-67.13335525765758,9.490702940861189],[-67.13335525765758,9.488453656646028]]]}"
32,351.17499441091,620.2930918846413,589.7363626201658,3502.414542812432,2305.580427006485,1131.3272971160304,-0.6919992508758274,0.7029461990492917,HT,06/12/2018,3754,32,9.518481039036734,-66.64933204650879,0.6999705189932792,0,0,"{""geodesic"":false,""type"":""Polygon"",""coordinates"":[[[-66.65051088894411,9.51764890337991],[-66.64824474137022,9.51764890337991],[-66.64824474137022,9.519898187595075],[-66.65051088894411,9.519898187595075],[-66.65051088894411,9.51764890337991]]]}"
33,399.0751147430872,543.3456845404678,542.2989477219296,2430.648942124705,2317.855479682077,1182.1372998992495,-0.634554719214959,0.6360704047928534,HT,06/12/2018,3754,33,9.177261987177951,-67.82392501831055,0.012280355473350268,0,0,"{""geodesic"":false,""type"":""Polygon"",""coordinates"":[[[-67.82505701396514,9.176289095414502],[-67.82279308787778,9.176289095414502],[-67.82279308787778,9.178538379629616],[-67.82505701396514,9.178538379629616],[-67.82505701396514,9.176289095414502]]]}"
34,364.07152828186946,498.40080406499527,507.47825115863526,2255.979786699424,1920.8610754369308,1049.5315763024175,-0.6315919082874183,0.6327797929136595,HT,06/12/2018,3754,34,9.783667099268278,-67.34996795654297,0.1259478260340655,0,0,"{""geodesic"":false,""type"":""Polygon"",""coordinates"":[[[-67.35119770070101,9.782651912195158],[-67.34892976999171,9.782651912195158],[-67.34892976999171,9.784901196410368],[-67.35119770070101,9.784901196410368],[-67.35119770070101,9.782651912195158]]]}"
35,344.6321582211297,477.7969160288284,467.61679423431457,2436.1727470808414,2115.3690150287734,1083.5557852393986,-0.6723864651064516,0.6798605531235631,HT,06/12/2018,3754,35,9.576883846356179,-67.43536949157715,0.6484873515577906,0,0,"{""geodesic"":false,""type"":""Polygon"",""coordinates"":[[[-67.43653695648412,9.576039396847676],[-67.43427042042099,9.576039396847676],[-67.43427042042099,9.578288681062851],[-67.43653695648412,9.578288681062851],[-67.43653695648412,9.576039396847676]]]}"
36,467.21182072829134,656.4340616246502,815.9336134453782,1930.2995518207292,2554.3591596638666,1452.2036974789921,-0.49344739462559983,0.41004424182898946,HT,06/12/2018,3754,36,8.743766553784946,-66.81790351867676,0.8996833837187451,0,0,"{""geodesic"":false,""type"":""Polygon"",""coordinates"":[[[-66.81894254845336,8.742851970826843],[-66.81668132127534,8.742851970826843],[-66.81668132127534,8.745101255041892],[-66.81894254845336,8.745101255041892],[-66.81894254845336,8.742851970826843]]]}"
37,308.5526684213474,468.43002744021953,435.2186817494542,2334.7798622388977,1846.2870582964667,853.1406171249374,-0.664814579110793,0.6840802891027215,HT,06/12/2018,3754,37,8.76836735968713,-67.39288330078125,0.48516307614117427,0,0,"{""geodesic"":false,""type"":""Polygon"",""coordinates"":[[[-67.39386440525789,8.767555641140131],[-67.3916030279055,8.767555641140131],[-67.3916030279055,8.769804925355182],[-67.39386440525789,8.769804925355182],[-67.39386440525789,8.767555641140131]]]}"
38,515.9360013414563,783.6999608741826,1004.9562349784808,2417.5004192051865,2791.059359454474,1912.299200715443,-0.5092788761175084,0.41862991840840846,HT,06/12/2018,3754,38,9.379374564395771,-67.0400333404541,0.988962633054249,0,0,"{""geodesic"":false,""type"":""Polygon"",""coordinates"":[[[-67.04127758008467,9.37841003434139],[-67.03901234888006,9.37841003434139],[-67.03901234888006,9.380659318556534],[-67.04127758008467,9.380659318556534],[-67.04127758008467,9.37841003434139]]]}"
39,278.4837375656644,429.63278193807986,430.23879512685807,2238.868950486196,1959.0782944003581,959.9749077903208,-0.6787038520951597,0.6789175487879829,HT,06/12/2018,3754,39,9.691544137667453,-66.53946876525879,0.8731790543123918,0,0,"{""geodesic"":false,""type"":""Polygon"",""coordinates"":[[[-66.54046784459108,9.690574595572915],[-66.53820053926279,9.690574595572915],[-66.53820053926279,9.692823879788106],[-66.54046784459108,9.692823879788106],[-66.54046784459108,9.690574595572915]]]}"
4,400.71406918687586,689.589514978602,561.522913694722,3133.555367332382,2387.366084165478,1105.166547788873,-0.6390092649643427,0.6956014452016919,HT,06/12/2018,3754,4,8.696511487149355,-68.20355415344238,0.07331697363591705,0,0,"{""geodesic"":false,""type"":""Polygon"",""coordinates"":[[[-68.2045937317014,8.695690418410571],[-68.20233278999747,8.695690418410571],[-68.20233278999747,8.697939702625611],[-68.2045937317014,8.697939702625611],[-68.2045937317014,8.695690418410571]]]}"
40,301.73243243243246,453.34787644787633,425.7471042471043,2393.2405405405398,1387.8370656370657,788.354054054054,-0.6823285233636326,0.6990062363323526,HT,06/12/2018,3754,40,10.461900989708013,-67.07616806030273,0.8981731148820868,0,99,"{""geodesic"":false,""type"":""Polygon"",""coordinates"":[[[-67.07721393432182,10.460879951705381],[-67.07494120538975,10.460879951705381],[-67.07494120538975,10.463129235920691],[-67.07721393432182,10.463129235920691],[-67.07721393432182,10.460879951705381]]]}"
41,412.43495798319327,628.1868907563025,644.6770308123249,2681.979663865547,2555.0431932773117,1361.1785434173676,-0.6206781208846027,0.6135464126853793,HT,06/12/2018,3754,41,8.959349556491409,-67.27383613586426,0.10937233026584803,0,0,"{""geodesic"":false,""type"":""Polygon"",""coordinates"":[[[-67.27483821682118,8.958447639015523],[-67.27257566417005,8.958447639015523],[-67.27257566417005,8.960696923230604],[-67.27483821682118,8.960696923230604],[-67.27483821682118,8.958447639015523]]]}"
42,368.45606518227146,562.8869143780289,718.7454519912899,2232.6585657090664,2631.2482966917173,1495.141462386738,-0.6010490748089498,0.5251817116539669,HT,06/12/2018,3754,42,9.377088110224745,-66.61113739013672,0.8626723605392639,0,0,"{""geodesic"":false,""type"":""Polygon"",""coordinates"":[[[-66.61233202459636,9.37616424613109],[-66.61006680805623,9.37616424613109],[-66.61006680805623,9.378413530346235],[-66.61233202459636,9.378413530346235],[-66.61233202459636,9.37616424613109]]]}"
43,296.87778768956287,448.06906036277115,404.52222717811475,2584.5535236396076,1888.732010110021,831.5238626226579,-0.7044348114645991,0.7294860032157322,HT,06/12/2018,3754,43,8.945699160776154,-67.89799690246582,0.36812878334955457,0,0,"{""geodesic"":false,""type"":""Polygon"",""coordinates"":[[[-67.89916729743923,8.944972909753728],[-67.89690482861435,8.944972909753728],[-67.89690482861435,8.947222193968809],[-67.89916729743923,8.947222193968809],[-67.89916729743923,8.944972909753728]]]}"
44,210.90257304840804,321.0262538159616,274.8249454862624,2147.209943305712,1749.5033580462264,780.8937636284338,-0.7392964511859161,0.7723685292155025,HT,06/12/2018,3754,44,9.770049054025504,-66.5617847442627,0.04906906753364926,0,0,"{""geodesic"":false,""type"":""Polygon"",""coordinates"":[[[-66.56292599300495,9.769177182933367],[-66.56065815420224,9.769177182933367],[-66.56065815420224,9.771426467148572],[-66.56292599300495,9.771426467148572],[-66.56292599300495,9.769177182933367]]]}"
45,355.0072851939148,440.6404542532678,593.2329119348622,1470.609385043926,2715.097493036212,1564.0111420612823,-0.536519949145875,0.4225669257992742,HT,06/12/2018,3754,45,9.156925718686832,-66.51251792907715,0.26223892891168965,0,99,"{""geodesic"":false,""type"":""Polygon"",""coordinates"":[[[-66.51351663481148,9.156077001521812],[-66.51125283760405,9.156077001521812],[-66.51125283760405,9.158326285736925],[-66.51351663481148,9.158326285736925],[-66.51351663481148,9.156077001521812]]]}"
46,314.99811380069156,460.7246149009746,426.61332914177933,2550.7733417164413,2109.274756365923,982.2184847532222,-0.6940579664058528,0.7135019973186384,HT,06/12/2018,3754,46,9.505360192492976,-67.29186058044434,0.13098504181793702,0,99,"{""geodesic"":false,""type"":""Polygon"",""coordinates"":[[[-67.29280627251292,9.504174174118116],[-67.29054021423728,9.504174174118116],[-67.29054021423728,9.506423458333279],[-67.29280627251292,9.506423458333279],[-67.29280627251292,9.504174174118116]]]}"
47,321.01664060754933,472.84007147643484,508.34855930310454,2276.5290931427285,2054.8540875586314,1010.5800759437117,-0.657317878973951,0.6406179321925368,HT,06/12/2018,3754,47,9.911615522288496,-66.9547176361084,0.9072832530365407,0,0,"{""geodesic"":false,""type"":""Polygon"",""coordinates"":[[[-66.95593941485697,9.910661840182188],[-66.95367060440316,9.910661840182188],[-66.95367060440316,9.912911124397414],[-66.95593941485697,9.912911124397414],[-66.95593941485697,9.910661840182188]]]}"
48,402.31803921568644,591.8695798319333,626.103305322129,2499.9146778711497,2299.8435294117653,1204.4232492997205,-0.6170383369318312,0.6009292314945863,HT,06/12/2018,3754,48,8.945953520658971,-67.34567642211914,0.004496351342429872,0,0,"{""geodesic"":false,""type"":""Polygon"",""coordinates"":[[[-67.34670339770477,8.94497290975373],[-67.34444092887989,8.94497290975373],[-67.34444092887989,8.94722219396881],[-67.34670339770477,8.94722219396881],[-67.34670339770477,8.94497290975373]]]}"
49,407.4815956075971,531.323939716511,512.4675892206849,2707.4754888229054,2093.1104823799665,890.908566306236,-0.6703170315613987,0.6806544894001765,HT,06/12/2018,3754,49,8.41803628077436,-66.6694164276123,0.2642348855441419,0,0,"{""geodesic"":false,""type"":""Polygon"",""coordinates"":[[[-66.67071955888709,8.417212680333527],[-66.66846027018343,8.417212680333527],[-66.66846027018343,8.419461964548525],[-66.67071955888709,8.419461964548525],[-66.67071955888709,8.417212680333527]]]}"
5,586.202784503632,825.358757062147,940.5328894269575,2290.7921711057306,2688.158192090396,1381.5516545601292,-0.4710133320075833,0.4186806330719677,HT,06/12/2018,3754,5,8.577626404961176,-66.82236671447754,0.3000684363205425,0,99,"{""geodesic"":false,""type"":""Polygon"",""coordinates"":[[[-66.82343362625897,8.576663643264737],[-66.82117339790904,8.576663643264737],[-66.82117339790904,8.578912927479761],[-66.82343362625897,8.578912927479761],[-66.82343362625897,8.576663643264737]]]}"
50,331.339912771192,446.54747260120786,477.7881905613957,1903.8174345783946,2280.6191567881906,1254.8343211809442,-0.6196176058025149,0.5991301103040189,HT,06/12/2018,3754,50,9.240296998076083,-67.21315383911133,0.3182121561875698,0,1,"{""geodesic"":false,""type"":""Polygon"",""coordinates"":[[[-67.21420282186865,9.239171165302864],[-67.2119384929254,9.239171165302864],[-67.2119384929254,9.241420449517987],[-67.21420282186865,9.241420449517987],[-67.21420282186865,9.239171165302864]]]}"
51,353.4545802256647,485.7619047619048,462.02906865557486,2405.915471409449,2196.2306368330474,1054.6066169439666,-0.6637113984402221,0.6773863649003099,HT,06/12/2018,3754,51,9.368026828884911,-68.05068969726562,0.8186596114279565,0,0,"{""geodesic"":false,""type"":""Polygon"",""coordinates"":[[[-68.05188223813663,9.367181093289895],[-68.04961708021767,9.367181093289895],[-68.04961708021767,9.369430377505036],[-68.05188223813663,9.369430377505036],[-68.05188223813663,9.367181093289895]]]}"
52,513.3552691090006,774.6969696969697,1142.5474898236093,2388.363560982965,3420.89740690487,2022.1475953565512,-0.5111331286055374,0.3553387976330237,HT,06/12/2018,3754,52,9.186328197873017,-66.43157958984375,0.765734221764021,0,0,"{""geodesic"":false,""type"":""Polygon"",""coordinates"":[[[-66.43266835221918,9.185272248255696],[-66.4304043687567,9.185272248255696],[-66.4304043687567,9.18752153247081],[-66.43266835221918,9.18752153247081],[-66.43266835221918,9.185272248255696]]]}"
53,360.6858196858756,536.2137387513275,612.9612654407241,2289.4448605444077,2536.4263037281307,1363.9622715331732,-0.62065211513667,0.5799271233499169,HT,06/12/2018,3754,53,9.332118120543374,-67.36352920532227,0.5515239389538757,0,0,"{""geodesic"":false,""type"":""Polygon"",""coordinates"":[[[-67.36467092902218,9.331248481925114],[-67.36240600500086,9.331248481925114],[-67.36240600500086,9.333497766140253],[-67.36467092902218,9.333497766140253],[-67.36467092902218,9.331248481925114]]]}"
54,485.28997198879574,697.4429691876754,866.360840336135,1837.5912605042024,2451.7729971988815,1333.3180392156867,-0.44865305133359334,0.36055575978563087,HT,06/12/2018,3754,54,8.680815036766306,-66.87618255615234,0.12785841107774254,0,0,"{""geodesic"":false,""type"":""Polygon"",""coordinates"":[[[-66.87733285208755,8.679969900938481],[-66.87507200518527,8.679969900938481],[-66.87507200518527,8.682219185153517],[-66.87733285208755,8.682219185153517],[-66.87733285208755,8.679969900938481]]]}"
55,381.2022276950634,537.060170155603,649.5278182021719,1880.5873726631598,2231.3485391245945,1346.1995410276506,-0.5477208673361108,0.47689726532467885,HT,06/12/2018,3754,55,8.842584037926713,-67.28035926818848,0.9992318388855524,0,0,"{""geodesic"":false,""type"":""Polygon"",""coordinates"":[[[-67.28157522096328,8.84166665207999],[-67.27931339044488,8.84166665207999],[-67.27931339044488,8.843915936295053],[-67.28157522096328,8.843915936295053],[-67.28157522096328,8.84166665207999]]]}"
56,547.9590534018371,880.8187762727696,1243.963568425969,2600.7944885567495,3233.3568425969165,2027.3003269500232,-0.5100609326427644,0.388259128753105,HT,06/12/2018,3754,56,9.010724703825188,-67.08741188049316,0.8809932837075579,0,99,"{""geodesic"":false,""type"":""Polygon"",""coordinates"":[[[-67.08843795638366,9.010100767852395],[-67.0861750811814,9.010100767852395],[-67.0861750811814,9.012350052067484],[-67.08843795638366,9.012350052067484],[-67.08843795638366,9.010100767852395]]]}"
57,230.9421995477999,415.21641834309236,338.2165922662182,2673.9426053684265,1751.1354281407616,757.8263667458984,-0.7311836903956078,0.7765285546480071,HT,06/12/2018,3754,57,9.532193901496901,-66.69430732727051,0.6467803486068032,0,0,"{""geodesic"":false,""type"":""Polygon"",""coordinates"":[[[-66.69542669779399,9.531123632641703],[-66.69316046078946,9.531123632641703],[-66.69316046078946,9.53337291685687],[-66.69542669779399,9.53337291685687],[-66.69542669779399,9.531123632641703]]]}"
58,355.7819012275195,559.1906936911221,443.2343705395377,3135.5375392520714,2085.6600057093933,924.0502426491585,-0.697275989489784,0.7524512281047737,HT,06/12/2018,3754,58,9.07836597729057,-68.02159309387207,0.4930012303060193,0,99,"{""geodesic"":false,""type"":""Polygon"",""coordinates"":[[[-68.0226860633418,9.077474414161356],[-68.02042276451755,9.077474414161356],[-68.02042276451755,9.079723698376455],[-68.0226860633418,9.079723698376455],[-68.0226860633418,9.077474414161356]]]}"
59,247.4019805303792,376.4724739845584,287.1636455186304,2690.711927940024,1851.5245048674044,744.3725523106183,-0.7544600651582272,0.807176392844444,HT,06/12/2018,3754,59,9.170568094086885,-67.57699012756348,0.2711321930798668,0,0,"{""geodesic"":false,""type"":""Polygon"",""coordinates"":[[[-67.57802028936977,9.169551730783603],[-67.57575640627532,9.169551730783603],[-67.57575640627532,9.171801014998719],[-67.57802028936977,9.171801014998719],[-67.57802028936977,9.169551730783603]]]}"
6,230.3356478889014,344.6721357374847,243.6706238100571,2489.354742972338,1415.765091275619,527.6361294657858,-0.751425637720077,0.8172214148563058,HT,06/12/2018,3754,6,8.849284009600163,-66.94132804870605,0.29708354996767117,0,0,"{""geodesic"":false,""type"":""Polygon"",""coordinates"":[[[-66.94246122187126,8.848404016710886],[-66.94019934995927,8.848404016710886],[-66.94019934995927,8.850653300925948],[-66.94246122187126,8.850653300925948],[-66.94246122187126,8.848404016710886]]]}"
60,224.3329056014282,231.40242133452344,117.48733541620167,77.52315331399235,10.339377371122513,6.698114260209773,0.5021094382442248,-0.20989136338855294,HT,06/12/2018,3754,60,10.214922317483653,-67.6644515991211,0.1798982027663797,1,1,"{""geodesic"":false,""type"":""Polygon"",""coordinates"":[[[-67.66560955339997,10.213843248572514],[-67.66333861136512,10.213843248572514],[-67.66333861136512,10.21609253278779],[-67.66560955339997,10.21609253278779],[-67.66560955339997,10.213843248572514]]]}"
61,277.7766137208516,336.04798918553587,194.40925988509642,132.33102399459273,20.119409710487787,7.526529232848937,0.4381107807820277,-0.19297624881604017,HT,06/12/2018,3754,61,10.176148123084031,-67.72976875305176,0.8099510965344572,1,1,"{""geodesic"":false,""type"":""Polygon"",""coordinates"":[[[-67.7307372756454,10.17566484899744],[-67.7284666057521,10.17566484899744],[-67.7284666057521,10.177914133212708],[-67.7307372756454,10.177914133212708],[-67.7307372756454,10.17566484899744]]]}"
62,203.08377986157623,181.7469859343604,116.55536950212101,79.20953337798615,13.982138870283555,9.844998883679395,0.4040136356189464,-0.2062410584915716,HT,06/12/2018,3754,62,10.165334435126013,-67.64187812805176,0.019147005774864723,1,1,"{""geodesic"":false,""type"":""Polygon"",""coordinates"":[[[-67.64315149558867,10.164435907945947],[-67.64088090553277,10.164435907945947],[-67.64088090553277,10.16668519216121],[-67.64315149558867,10.16668519216121],[-67.64315149558867,10.164435907945947]]]}"
63,219.36103425245696,199.94971853830748,126.85106382978728,120.22707756893432,45.40664058773021,26.674076901059088,0.311493860361516,-0.09127078674249245,HT,06/12/2018,3754,63,10.169558575560782,-67.68925666809082,0.23415335092878065,1,1,"{""geodesic"":false,""type"":""Polygon"",""coordinates"":[[[-67.69031306394145,10.168927484366545],[-67.68804244196171,10.168927484366545],[-67.68804244196171,10.171176768581812],[-67.69031306394145,10.171176768581812],[-67.69031306394145,10.168927484366545]]]}"
64,457.63030336952863,635.4103324750922,455.6222993395275,155.5961603044889,37.542426956229704,24.1076905854696,0.6077314449199454,-0.49261554729746265,HT,06/12/2018,3754,64,9.03768102008089,-67.42180824279785,0.9095955416413475,1,1,"{""geodesic"":false,""type"":""Polygon"",""coordinates"":[[[-67.42306048411069,9.037050226375978],[-67.42079743985417,9.037050226375978],[-67.42079743985417,9.039299510591073],[-67.42306048411069,9.039299510591073],[-67.42306048411069,9.037050226375978]]]}"
65,280.0106050457691,406.8403661531592,213.96628711766027,229.34354766688995,33.71790578254074,15.208863585621796,0.2828960708019133,0.030903698356069893,HT,06/12/2018,3754,65,10.172261996123671,-67.8171443939209,0.74084209852148,1,1,"{""geodesic"":false,""type"":""Polygon"",""coordinates"":[[[-67.81832299989968,10.171173272576844],[-67.81605236195247,10.171173272576844],[-67.81605236195247,10.17342255679211],[-67.81832299989968,10.17342255679211],[-67.81832299989968,10.171173272576844]]]}"
66,318.48507712944354,437.7243460764589,387.91085401296687,1471.3603845293997,1287.3819025262696,647.4087301587304,-0.4223404416661157,0.48781407939923715,HT,06/12/2018,3754,66,9.801259772326974,-67.01539993286133,0.09412993722522722,1,0,"{""geodesic"":false,""type"":""Polygon"",""coordinates"":[[[-67.01657531864227,9.800618217877554],[-67.01430726518413,9.800618217877554],[-67.01430726518413,9.802867502092763],[-67.01657531864227,9.802867502092763],[-67.01657531864227,9.800618217877554]]]}"
67,315.6154923822311,417.4006771350185,231.04185394898144,179.9520168116281,26.749576790613514,12.197945245461446,0.4005454106208453,-0.1259872170765868,HT,06/12/2018,3754,67,10.223707099512955,-67.74762153625488,0.015674685799582866,1,1,"{""geodesic"":false,""type"":""Polygon"",""coordinates"":[[[-67.74870374922456,10.222826401413714],[-67.74643274300037,10.222826401413714],[-67.74643274300037,10.225075685628987],[-67.74870374922456,10.225075685628987],[-67.74870374922456,10.222826401413714]]]}"
68,278.99006474659524,319.13256307211435,177.90036838580048,119.74838133511945,16.155001116320605,11.076802857780756,0.4572657436862517,-0.19936560930137484,HT,06/12/2018,3754,68,10.21948367692158,-67.76538848876953,0.9964087736633327,1,1,"{""geodesic"":false,""type"":""Polygon"",""coordinates"":[[[-67.76667003888159,10.218334824993118],[-67.76439906475947,10.218334824993118],[-67.76439906475947,10.22058410920839],[-67.76667003888159,10.22058410920839],[-67.76667003888159,10.218334824993118]]]}"
69,326.85174636486283,552.196147504122,326.1815320041972,845.0109428871233,53.55778743816516,22.61250187378204,-0.1532148482213431,0.38919289809138036,HT,06/12/2018,3754,69,10.192452444236638,-67.78135299682617,0.12592265600553487,1,1,"{""geodesic"":false,""type"":""Polygon"",""coordinates"":[[[-67.78239046035706,10.191385366469532],[-67.78011967853548,10.191385366469532],[-67.78011967853548,10.193634650684803],[-67.78239046035706,10.193634650684803],[-67.78239046035706,10.191385366469532]]]}"
7,292.0312359802601,435.82228577837583,380.76861821444595,2546.0296657694025,1862.5715006729472,841.8106213548675,-0.707691449018933,0.7399178908021432,HT,06/12/2018,3754,7,8.490114723590617,-67.67578125,0.8970093772761482,0,0,"{""geodesic"":false,""type"":""Polygon"",""coordinates"":[[[-67.67683288738534,8.489077903063086],[-67.67457317744221,8.489077903063086],[-67.67457317744221,8.491327187278094],[-67.67683288738534,8.491327187278094],[-67.67683288738534,8.489077903063086]]]}"
70,243.44855072463773,229.95696767001138,124.71789297658866,73.03450390189522,18.933277591973265,11.381884057971021,0.5231189440090352,-0.26708380057290665,HT,06/12/2018,3754,70,10.216949596425195,-67.70050048828125,0.36902473682810544,1,1,"{""geodesic"":false,""type"":""Polygon"",""coordinates"":[[[-67.70154217277288,10.216089036782817],[-67.69927121469625,10.216089036782817],[-67.69927121469625,10.21833832099809],[-67.70154217277288,10.21833832099809],[-67.70154217277288,10.216089036782817]]]}"
71,501.0965209807149,1029.4725264075973,605.4575055722452,5405.713635042153,839.2850082372318,226.72594243628245,-0.6773474607198909,0.7966759455805819,HT,06/12/2018,3754,71,10.131454810957596,-67.85568237304688,0.9545155395807895,1,0,"{""geodesic"":false,""type"":""Polygon"",""coordinates"":[[[-67.85650125628071,10.130749084791466],[-67.85423090518007,10.130749084791466],[-67.85423090518007,10.132998369006726],[-67.85650125628071,10.132998369006726],[-67.85650125628071,10.130749084791466]]]}"
72,237.400617125225,194.8227050655696,111.00964258164055,116.41726664952432,30.726407816919522,16.815955258421194,0.2535657659187521,0.024971708075263593,HT,06/12/2018,3754,72,9.55233895894403,-67.62608528137207,0.35347598845797956,1,1,"{""geodesic"":false,""type"":""Polygon"",""coordinates"":[[[-67.62742887215929,9.551335726534392],[-67.62516250076051,9.551335726534392],[-67.62516250076051,9.553585010749563],[-67.62742887215929,9.553585010749563],[-67.62742887215929,9.551335726534392]]]}"
73,165.81157604610382,160.34577800050118,90.09308443999004,49.89645452267605,8.847344024054127,6.46561012277625,0.5430635280196421,-0.31262542844103736,HT,06/12/2018,3754,73,10.183413363956571,-67.65535354614258,0.42692406752653744,1,1,"{""geodesic"":false,""type"":""Polygon"",""coordinates"":[[[-67.65662628864058,10.182402213628334],[-67.65435557080032,10.182402213628334],[-67.65435557080032,10.184651497843603],[-67.65662628864058,10.184651497843603],[-67.65662628864058,10.182402213628334]]]}"
74,391.7140378372325,557.9783387439826,436.87652524347885,644.3743423262056,248.29391022053036,106.02378820105226,0.154751227868932,-0.05791779847165349,HT,06/12/2018,3754,74,9.089723037902536,-67.40155220031738,0.6901238483403466,1,1,"{""geodesic"":false,""type"":""Polygon"",""coordinates"":[[[-67.40284855270323,9.088703355212852],[-67.40058518295562,9.088703355212852],[-67.40058518295562,9.090952639427952],[-67.40284855270323,9.090952639427952],[-67.40284855270323,9.088703355212852]]]}"
75,516.4287154216596,715.0168551909505,533.5141113226564,148.9192518759099,43.07626833911971,29.951562325008393,0.6554615152521877,-0.5637899193372441,HT,06/12/2018,3754,75,8.975118940519952,-67.37460136413574,0.6864952201536759,1,1,"{""geodesic"":false,""type"":""Polygon"",""coordinates"":[[[-67.37589873518813,8.974168156487613],[-67.37363608457366,8.974168156487613],[-67.37363608457366,8.976417440702699],[-67.37589873518813,8.976417440702699],[-67.37589873518813,8.974168156487613]]]}"
76,176.7357706093191,171.9351971326166,78.42523297491039,47.46164874551968,4.169462365591398,1.58594982078853,0.57828771600792,-0.2648163794257042,HT,06/12/2018,3754,76,10.185609799555614,-67.67801284790039,0.7678640633358271,1,99,"{""geodesic"":false,""type"":""Polygon"",""coordinates"":[[[-67.67908417872572,10.184648001838633],[-67.67681344489569,10.184648001838633],[-67.67681344489569,10.186897286053904],[-67.67908417872572,10.186897286053904],[-67.67908417872572,10.184648001838633]]]}"
77,500.2011188811188,686.5959720279724,482.91910489510514,131.27675524475524,28.51955244755246,18.783272727272735,0.6799212334152495,-0.5737128909297902,HT,06/12/2018,3754,77,9.031577879631772,-67.379150390625,0.5896657203429245,1,1,"{""geodesic"":false,""type"":""Polygon"",""coordinates"":[[[-67.38039048699234,9.030312861745081],[-67.3781274850487,9.030312861745081],[-67.3781274850487,9.032562145960176],[-67.38039048699234,9.032562145960176],[-67.38039048699234,9.030312861745081]]]}"
78,470.2558764271324,652.452093127379,469.89164987687514,143.63179986568173,36.732706514439236,22.547794940676077,0.6398254742932086,-0.5321881714911234,HT,06/12/2018,3754,78,9.033527505177704,-67.34318733215332,0.8920683119552432,1,1,"{""geodesic"":false,""type"":""Polygon"",""coordinates"":[[[-67.34445788266656,9.032558649955382],[-67.34219486662225,9.032558649955382],[-67.34219486662225,9.034807934170475],[-67.34445788266656,9.034807934170475],[-67.34445788266656,9.032558649955382]]]}"
79,468.83565320516806,643.9547468947006,456.30853255102676,153.47955808001998,38.88752262655265,25.516634417327253,0.615843896233087,-0.49768321236724994,HT,06/12/2018,3754,79,9.042427835611676,-67.41940498352051,0.16710852013119992,1,1,"{""geodesic"":false,""type"":""Polygon"",""coordinates"":[[[-67.42081470999126,9.041541802796578],[-67.41855163750787,9.041541802796578],[-67.41855163750787,9.04379108701167],[-67.42081470999126,9.04379108701167],[-67.42081470999126,9.041541802796578]]]}"
8,190.77965832340084,289.08526023043305,231.07500993245932,2499.7649582836716,1232.6615017878428,561.3836313071117,-0.7861184387178007,0.825074745303678,HT,06/12/2018,3754,8,10.39901377876313,-66.98184013366699,0.903519415984737,0,0,"{""geodesic"":false,""type"":""Polygon"",""coordinates"":[[[-66.9828906002951,10.397997881817016],[-66.98061833048455,10.397997881817016],[-66.98061833048455,10.400247166032315],[-66.9828906002951,10.400247166032315],[-66.9828906002951,10.397997881817016]]]}"
80,288.8775418994412,362.53536312849167,223.67469273743006,164.79050279329604,45.307039106145254,27.063575418994397,0.37592573705963045,-0.15251169843756013,HT,06/12/2018,3754,80,9.81047863712811,-67.01531410217285,0.7829811048155516,1,1,"{""geodesic"":false,""type"":""Polygon"",""coordinates"":[[[-67.01657534932467,9.809601370718745],[-67.01430723440349,9.809601370718745],[-67.01430723440349,9.811850654933956],[-67.01657534932467,9.811850654933956],[-67.01657534932467,9.809601370718745]]]}"
81,499.78982424717344,697.4930594425167,493.0951528042093,135.77297660360475,32.6011418336505,16.524963618045465,0.6750428526660956,-0.5693667844522298,HT,06/12/2018,3754,81,9.044546929483618,-67.3546028137207,0.384420703634372,1,1,"{""geodesic"":false,""type"":""Polygon"",""coordinates"":[[[-67.35568685894062,9.043787591006875],[-67.35342377233835,9.043787591006875],[-67.35342377233835,9.046036875221972],[-67.35568685894062,9.046036875221972],[-67.35568685894062,9.043787591006875]]]}"
82,314.9052079848333,375.68768819003,213.1078956172634,177.61453105832493,45.365618378498944,23.240046838407487,0.3607708603497502,-0.09384334215607534,HT,06/12/2018,3754,82,10.163222343967035,-67.87336349487305,0.24963545970579704,1,1,"{""geodesic"":false,""type"":""Polygon"",""coordinates"":[[[-67.87446767328443,10.162190119735646],[-67.87219709918486,10.162190119735646],[-67.87219709918486,10.16443940395091],[-67.87446767328443,10.16443940395091],[-67.87446767328443,10.162190119735646]]]}"
83,509.216836449121,696.8704242695619,501.5141050039177,145.1118325310645,42.25489757080487,29.74974812493002,0.6557806568449964,-0.5522368819747195,HT,06/12/2018,3754,83,9.022338206505635,-67.35237121582031,0.28889823427083683,1,1,"{""geodesic"":false,""type"":""Polygon"",""coordinates"":[[[-67.35344100033079,9.021329708903888],[-67.35117805475316,9.021329708903888],[-67.35117805475316,9.02357899311898],[-67.35344100033079,9.02357899311898],[-67.35344100033079,9.021329708903888]]]}"
84,341.61073263346,597.7281661827119,357.81991288809485,656.5784007147647,62.26312262675898,23.252624525351806,-0.030635055623097786,0.27688771797087697,HT,06/12/2018,3754,84,10.118104748231866,-67.87113189697266,0.719894240259044,1,1,"{""geodesic"":false,""type"":""Polygon"",""coordinates"":[[[-67.87222172615486,10.117274355529673],[-67.86995147040254,10.117274355529673],[-67.86995147040254,10.119523639744932],[-67.87222172615486,10.119523639744932],[-67.87222172615486,10.117274355529673]]]}"
85,289.83101870434297,348.39552059083246,210.5494099702979,129.98458697920853,20.09544834229751,13.187765914746725,0.4580003385443071,-0.23802902979993298,HT,06/12/2018,3754,85,10.223707099512955,-67.75217056274414,0.8009040853170311,1,1,"{""geodesic"":false,""type"":""Polygon"",""coordinates"":[[[-67.75319532564517,10.222826401413714],[-67.75092431942097,10.222826401413714],[-67.75092431942097,10.225075685628987],[-67.75319532564517,10.225075685628987],[-67.75319532564517,10.222826401413714]]]}"
86,198.70845416016064,171.11772250724962,92.29901851438771,58.998717376756645,7.792493865714924,3.879879544947579,0.5004996208956782,-0.24764327749720128,HT,06/12/2018,3754,86,10.190002625366244,-67.68899917602539,0.8584474915091316,1,1,"{""geodesic"":false,""type"":""Polygon"",""coordinates"":[[[-67.69031313574699,10.189139578259235],[-67.68804236992631,10.189139578259235],[-67.68804236992631,10.191388862474504],[-67.69031313574699,10.191388862474504],[-67.69031313574699,10.189139578259235]]]}"
87,305.915133531157,516.0186350148361,283.88902077151323,317.2470029673588,9.83299703264094,14.605697329376838,0.24799329384590188,0.04329226390618249,HT,06/12/2018,3754,87,10.212726084044037,-67.80126571655273,0.8989227761778336,1,1,"{""geodesic"":false,""type"":""Polygon"",""coordinates"":[[[-67.80260262622222,10.211597460362219],[-67.80033170022541,10.211597460362219],[-67.80033170022541,10.213846744577491],[-67.80260262622222,10.213846744577491],[-67.80260262622222,10.211597460362219]]]}"
88,229.53666852990492,189.78910005589705,112.9646730016769,116.62783678032419,34.77110117384016,15.210452766908887,0.2390342681798725,0.023618971068918273,HT,06/12/2018,3754,88,9.547768336070341,-67.61484146118164,0.40098783606313626,1,1,"{""geodesic"":false,""type"":""Polygon"",""coordinates"":[[[-67.61619991618609,9.546844150113795],[-67.61393357467844,9.546844150113795],[-67.61393357467844,9.549093434328965],[-67.61619991618609,9.549093434328965],[-67.61619991618609,9.546844150113795]]]}"
89,273.62450987929554,332.57661259321895,208.27146920888742,191.03229030522013,67.75836088260162,35.47466748673789,0.29376836453876104,-0.06834952243318611,HT,06/12/2018,3754,89,9.84193925211437,-66.99746131896973,0.034847862659567186,1,1,"{""geodesic"":false,""type"":""Polygon"",""coordinates"":[[[-66.99860915126295,9.841042405662927],[-66.99634082075576,9.841042405662927],[-66.99634082075576,9.843291689878143],[-66.99860915126295,9.843291689878143],[-66.99860915126295,9.841042405662927]]]}"
9,326.9022358859698,500.31514812744547,481.79435438792615,2552.3398546674125,2146.049245388484,1011.7491335941862,-0.6715230662054135,0.6813213230550109,HT,06/12/2018,3754,9,9.287142329888242,-67.40412712097168,0.5357183178785968,0,0,"{""geodesic"":false,""type"":""Polygon"",""coordinates"":[[[-67.40509497151449,9.286332717719139],[-67.40283033854487,9.286332717719139],[-67.40283033854487,9.28858200193427],[-67.40509497151449,9.28858200193427],[-67.40509497151449,9.286332717719139]]]}"
90,495.03494232276796,685.9294993840292,492.19055885317454,132.79141001231935,32.027550677567476,23.541102027102678,0.6765137086901692,-0.5762613224113055,HT,06/12/2018,3754,90,9.015726185078112,-67.38146781921387,0.5604599806292259,1,1,"{""geodesic"":false,""type"":""Polygon"",""coordinates"":[[[-67.3826362259804,9.014592344272991],[-67.38037332263895,9.014592344272991],[-67.38037332263895,9.01684162848808],[-67.3826362259804,9.01684162848808],[-67.3826362259804,9.014592344272991]]]}"
91,387.90138367729804,752.2436092870539,433.8476782363974,1678.0796787054405,199.42067307692292,59.43509615384611,-0.37649278764483296,0.5852601084615021,HT,06/12/2018,3754,91,10.127399154446222,-67.81946182250977,0.2586536644383327,1,0,"{""geodesic"":false,""type"":""Polygon"",""coordinates"":[[[-67.82056862904247,10.12625750837087],[-67.81829830973946,10.12625750837087],[-67.81829830973946,10.128506792586128],[-67.82056862904247,10.128506792586128],[-67.82056862904247,10.12625750837087]]]}"
92,475.1418918918918,859.6661268706728,538.055115032388,2820.3306343533613,578.3713424167969,164.27518427518442,-0.4563410877838354,0.6205952161905489,HT,06/12/2018,3754,92,10.124695354949289,-67.85104751586914,0.9728807347088414,1,0,"{""geodesic"":false,""type"":""Polygon"",""coordinates"":[[[-67.85200965605279,10.124011720160569],[-67.849739352643,10.124011720160569],[-67.849739352643,10.126261004375829],[-67.85200965605279,10.126261004375829],[-67.85200965605279,10.124011720160569]]]}"
93,370.2310374270672,699.1682794933828,398.30112423509325,926.0474597979224,85.42237085527253,31.429343959015227,-0.13028041333495563,0.3890071477750689,HT,06/12/2018,3754,93,10.144888806640887,-67.79491424560547,0.2234873164956167,1,1,"{""geodesic"":false,""type"":""Polygon"",""coordinates"":[[[-67.7958650222672,10.144223814053257],[-67.79359457568466,10.144223814053257],[-67.79359457568466,10.146473098268515],[-67.7958650222672,10.146473098268515],[-67.7958650222672,10.144223814053257]]]}"
94,278.5795258019526,396.4932775453277,219.86566248256628,171.04423988842402,29.39403068340307,17.929205020920495,0.40043515986318595,-0.1285942715187503,HT,06/12/2018,3754,94,10.1091480658558,-67.74307250976562,0.6314472651294041,1,1,"{""geodesic"":false,""type"":""Polygon"",""coordinates"":[[[-67.74421176647267,10.108291202688477],[-67.74194157421167,10.108291202688477],[-67.74194157421167,10.110540486903735],[-67.74421176647267,10.110540486903735],[-67.74421176647267,10.108291202688477]]]}"
95,460.7846903348641,652.492552357487,471.93661104266994,137.4142121178184,30.219341471609365,19.036454250195987,0.652735860035865,-0.5497735287002454,HT,06/12/2018,3754,95,9.093875902997144,-67.38189697265625,0.18925196896573715,1,1,"{""geodesic"":false,""type"":""Polygon"",""coordinates"":[[[-67.38263647298527,9.093194931633446],[-67.38037307484271,9.093194931633446],[-67.38037307484271,9.095444215848548],[-67.38263647298527,9.095444215848548],[-67.38263647298527,9.093194931633446]]]}"
96,480.33450861876014,700.0210432057311,515.7582269979855,147.84631743899718,35.75845086187599,25.16073427356169,0.651748354912014,-0.5552578220217657,HT,06/12/2018,3754,96,9.100910238018061,-67.33640670776367,0.7807968254083079,1,1,"{""geodesic"":false,""type"":""Polygon"",""coordinates"":[[[-67.33772073005505,9.099932296264344],[-67.33545728929268,9.099932296264344],[-67.33545728929268,9.102181580479447],[-67.33772073005505,9.102181580479447],[-67.33772073005505,9.099932296264344]]]}"
97,488.9303223640029,682.3501790911131,489.4087754645177,137.6578240429819,30.735560779046352,21.85543989254534,0.6648964480115036,-0.5615624312294508,HT,06/12/2018,3754,97,9.026746153487062,-67.38369941711426,0.6578202991855058,1,1,"{""geodesic"":false,""type"":""Polygon"",""coordinates"":[[[-67.38488204934035,9.025821285324486],[-67.382619075587,9.025821285324486],[-67.382619075587,9.028070569539578],[-67.38488204934035,9.028070569539578],[-67.38488204934035,9.025821285324486]]]}"
98,376.35850636302746,327.08171466845283,233.8520875195356,193.02679169457468,52.81178834561288,28.121790578254085,0.25963857499089954,-0.09675379598114205,HT,06/12/2018,3754,98,10.219145800689352,-67.63750076293945,0.7161717770461657,1,1,"{""geodesic"":false,""type"":""Polygon"",""coordinates"":[[[-67.63866011089434,10.218334824993118],[-67.63638913677224,10.218334824993118],[-67.63638913677224,10.22058410920839],[-67.63866011089434,10.22058410920839],[-67.63866011089434,10.218334824993118]]]}"
99,283.9206145251396,365.56748603351946,229.74558659217868,180.86318435754185,54.935083798882665,27.78145251396647,0.34083910464474865,-0.12265081991762385,HT,06/12/2018,3754,99,9.803797100134068,-67.01531410217285,0.19294609057902967,1,1,"{""geodesic"":false,""type"":""Polygon"",""coordinates"":[[[-67.0165753263101,9.802864006087848],[-67.01430725749174,9.802864006087848],[-67.01430725749174,9.805113290303058],[-67.0165753263101,9.805113290303058],[-67.0165753263101,9.802864006087848]]]}"
